# Este conjunto de dados, denominado CargaPilhasAA, é composto por vários arquivos com dados de descarga e de recuperação de pilhas AA de diversos fabricantes. Estes dados são distribuídos sob licença Creative Commons Attribution 4.0 (CC-BY). <http://creativecommons.org/licenses/by/4.0/>
# This dataset, named CargaPilhasAA, is composed of several files with discharge and recovery of AA batteries from several manufacturers. This dataset is licensed under a Creative Commons Attribution 4.0 International License (CC-BY). <http://creativecommons.org/licenses/by/4.0/>
# Galileu H. Oliveira, Rio de Janeiro, Brasil. Jan/2023.
# Fabricante: ALFACELL
# Tipo: comum
# Exemplar: 1
# Processo: recuperação
# Corrente: 0 mA
# tempo (segundos)  tensão (volts)
Time  A1
58639 0.696
58640 0.776
58641 0.788
58642 0.798
58643 0.807
58644 0.815
58645 0.822
58647 0.830
58648 0.837
58649 0.843
58650 0.850
58651 0.855
58652 0.862
58653 0.867
58654 0.872
58656 0.877
58657 0.882
58658 0.887
58659 0.892
58660 0.896
58661 0.901
58662 0.904
58664 0.908
58665 0.912
58666 0.916
58667 0.920
58668 0.924
58669 0.927
58670 0.931
58671 0.934
58673 0.937
58674 0.940
58675 0.943
58676 0.945
58677 0.949
58678 0.952
58679 0.955
58680 0.957
58682 0.960
58683 0.962
58684 0.965
58685 0.967
58686 0.970
58687 0.972
58688 0.974
58690 0.975
58691 0.978
58692 0.980
58693 0.982
58694 0.984
58695 0.986
58696 0.988
58697 0.989
58699 0.991
58700 0.993
58701 0.994
58702 0.996
58703 0.998
58704 0.999
58705 1.001
58706 1.003
58708 1.004
58709 1.005
58710 1.007
58711 1.009
58712 1.009
58713 1.010
58714 1.012
58716 1.014
58717 1.014
58718 1.016
58719 1.017
58720 1.018
58721 1.019
58722 1.020
58723 1.021
58725 1.022
58726 1.023
58727 1.024
58728 1.024
58729 1.026
58730 1.027
58731 1.028
58732 1.028
58734 1.029
58735 1.030
58736 1.031
58737 1.032
58738 1.033
58739 1.033
58740 1.034
58742 1.034
58743 1.034
58744 1.036
58745 1.036
58746 1.038
58747 1.038
58748 1.038
58749 1.039
58751 1.039
58752 1.040
58753 1.041
58754 1.041
58755 1.043
58756 1.043
58757 1.043
58758 1.044
58760 1.044
58761 1.044
58762 1.045
58763 1.046
58764 1.046
58765 1.046
58766 1.047
58768 1.048
58769 1.048
58770 1.048
58771 1.049
58772 1.049
58773 1.049
58774 1.050
58775 1.051
58777 1.051
58778 1.051
58779 1.051
58780 1.052
58781 1.053
58782 1.053
58783 1.053
58784 1.053
58786 1.054
58787 1.054
58788 1.054
58789 1.054
58790 1.054
58791 1.056
58792 1.056
58794 1.056
58795 1.056
58796 1.056
58797 1.057
58798 1.058
58799 1.058
58800 1.058
58801 1.058
58803 1.058
58804 1.058
58805 1.059
58806 1.059
58807 1.059
58808 1.059
58809 1.059
58810 1.059
58812 1.061
58813 1.061
58814 1.061
58815 1.061
58816 1.061
58817 1.063
58818 1.063
58820 1.063
58821 1.063
58822 1.063
58823 1.063
58824 1.063
58825 1.063
58826 1.063
58827 1.064
58829 1.064
58830 1.064
58831 1.064
58832 1.064
58833 1.064
58834 1.064
58835 1.066
58836 1.066
58838 1.066
58839 1.066
58840 1.066
58841 1.066
58842 1.066
58843 1.066
58844 1.067
58846 1.067
58847 1.067
58848 1.067
58849 1.067
58850 1.067
58851 1.067
58852 1.067
58853 1.067
58855 1.069
58856 1.069
58857 1.069
58858 1.069
58859 1.069
58860 1.069
58861 1.069
58862 1.069
58864 1.070
58865 1.069
58866 1.069
58867 1.071
58868 1.071
58869 1.071
58871 1.071
58872 1.071
58873 1.071
58874 1.071
58875 1.071
58876 1.071
58877 1.072
58878 1.072
58880 1.072
58881 1.072
58882 1.072
58883 1.072
58884 1.072
58885 1.072
58886 1.072
58888 1.072
58889 1.073
58890 1.074
58891 1.074
58892 1.074
58893 1.074
58894 1.074
58895 1.074
58897 1.074
58898 1.074
58899 1.074
58900 1.074
58901 1.075
58902 1.075
58903 1.076
58904 1.076
58906 1.076
58907 1.076
58908 1.076
58909 1.076
58910 1.076
58911 1.076
58912 1.076
58914 1.077
58915 1.077
58916 1.077
58917 1.077
58918 1.077
58919 1.077
58920 1.077
58921 1.077
58923 1.077
58924 1.077
58925 1.077
58926 1.077
58927 1.078
58928 1.078
58929 1.079
58930 1.079
58932 1.079
58933 1.079
58934 1.079
58935 1.079
58936 1.080
58937 1.079
58938 1.079
58940 1.079
58941 1.080
58942 1.080
58943 1.080
58944 1.081
58945 1.081
58946 1.081
58947 1.081
58949 1.081
58950 1.081
58951 1.081
58952 1.081
58953 1.081
58954 1.081
58955 1.081
58956 1.082
58958 1.082
58959 1.082
58960 1.082
58961 1.082
58962 1.082
58963 1.082
58964 1.082
58966 1.082
58967 1.082
58968 1.082
58969 1.082
58970 1.082
58971 1.082
58972 1.083
58973 1.084
58975 1.084
58976 1.084
58977 1.084
58978 1.084
58979 1.084
58980 1.084
58981 1.084
58982 1.084
58984 1.084
58985 1.084
58986 1.084
58987 1.084
58988 1.084
58989 1.086
58990 1.086
58992 1.086
58993 1.086
58994 1.086
58995 1.086
58996 1.086
58997 1.086
58998 1.086
58999 1.086
59001 1.086
59002 1.086
59003 1.086
59004 1.086
59005 1.087
59006 1.087
59007 1.087
59008 1.087
59010 1.087
59011 1.087
59012 1.087
59013 1.087
59014 1.087
59015 1.087
59016 1.087
59018 1.087
59019 1.087
59020 1.087
59021 1.087
59022 1.088
59023 1.089
59024 1.089
59025 1.089
59027 1.089
59028 1.089
59029 1.089
59030 1.089
59031 1.089
59032 1.089
59033 1.089
59034 1.089
59036 1.089
59037 1.089
59038 1.089
59039 1.089
59040 1.089
59041 1.089
59042 1.090
59044 1.091
59045 1.091
59046 1.091
59047 1.091
59048 1.091
59049 1.091
59050 1.091
59051 1.091
59053 1.091
59054 1.091
59055 1.091
59056 1.091
59057 1.091
59058 1.091
59059 1.092
59060 1.092
59062 1.092
59063 1.092
59064 1.092
59065 1.092
59066 1.092
59067 1.092
59068 1.092
59070 1.092
59071 1.092
59072 1.092
59073 1.092
59074 1.092
59075 1.092
59076 1.092
59077 1.092
59079 1.093
59080 1.093
59081 1.094
59082 1.094
59083 1.094
59084 1.094
59085 1.094
59086 1.094
59088 1.094
59089 1.094
59090 1.094
59091 1.094
59092 1.094
59093 1.094
59094 1.094
59096 1.094
59097 1.094
59098 1.094
59099 1.096
59100 1.096
59101 1.095
59102 1.096
59103 1.096
59105 1.096
59106 1.096
59107 1.096
59108 1.096
59109 1.096
59110 1.096
59111 1.096
59112 1.096
59114 1.096
59115 1.096
59116 1.097
59117 1.096
59118 1.096
59119 1.097
59120 1.097
59122 1.097
59123 1.097
59124 1.097
59125 1.097
59126 1.097
59127 1.097
59128 1.097
59129 1.097
59131 1.097
59132 1.097
59133 1.097
59134 1.097
59135 1.097
59136 1.097
59137 1.098
59138 1.097
59140 1.098
59141 1.098
59142 1.099
59143 1.099
59144 1.099
59145 1.099
59146 1.099
59148 1.099
59149 1.099
59150 1.099
59151 1.099
59152 1.099
59153 1.099
59154 1.099
59155 1.099
59157 1.099
59158 1.099
59159 1.099
59160 1.100
59161 1.100
59162 1.100
59163 1.101
59164 1.101
59166 1.101
59167 1.101
59168 1.101
59169 1.101
59170 1.101
59171 1.101
59172 1.101
59174 1.101
59175 1.101
59176 1.101
59177 1.101
59178 1.101
59179 1.101
59180 1.101
59181 1.101
59183 1.102
59184 1.102
59185 1.102
59186 1.102
59187 1.102
59188 1.102
59189 1.102
59190 1.102
59192 1.102
59193 1.102
59194 1.102
59195 1.102
59196 1.102
59197 1.102
59198 1.102
59200 1.102
59201 1.102
59202 1.102
59203 1.102
59204 1.102
59205 1.102
59206 1.102
59207 1.104
59209 1.103
59210 1.104
59211 1.104
59212 1.104
59213 1.104
59214 1.104
59215 1.104
59216 1.104
59218 1.104
59219 1.104
59220 1.104
59221 1.104
59222 1.104
59223 1.104
59224 1.104
59226 1.104
59227 1.104
59228 1.104
59229 1.105
59230 1.105
59231 1.104
59232 1.106
59233 1.106
59235 1.106
59236 1.106
59237 1.106
59238 1.106
59239 1.106
59240 1.106
59241 1.106
59242 1.106
59244 1.106
59245 1.106
59246 1.106
59247 1.106
59248 1.106
59249 1.106
59250 1.106
59252 1.106
59253 1.106
59254 1.106
59255 1.106
59256 1.107
59257 1.107
59258 1.107
59259 1.107
59261 1.107
59262 1.107
59263 1.107
59264 1.107
59265 1.107
59266 1.107
59267 1.107
59268 1.107
59270 1.107
59271 1.107
59272 1.107
59273 1.107
59274 1.107
59275 1.107
59276 1.107
59278 1.108
59279 1.108
59280 1.108
59281 1.109
59282 1.109
59283 1.109
59284 1.109
59285 1.109
59287 1.109
59288 1.109
59289 1.109
59290 1.109
59291 1.109
59292 1.109
59293 1.109
59294 1.109
59296 1.109
59297 1.109
59298 1.109
59299 1.109
59300 1.109
59301 1.109
59302 1.110
59304 1.111
59305 1.111
59306 1.111
59307 1.111
59308 1.111
59309 1.111
59310 1.111
59311 1.111
59313 1.111
59314 1.111
59315 1.111
59316 1.111
59317 1.111
59318 1.111
59319 1.111
59321 1.111
59322 1.111
59323 1.111
59324 1.111
59325 1.111
59326 1.111
59327 1.111
59328 1.111
59330 1.111
59331 1.112
59332 1.112
59333 1.112
59334 1.112
59335 1.112
59336 1.112
59337 1.112
59339 1.112
59340 1.112
59341 1.112
59342 1.112
59343 1.112
59344 1.112
59345 1.112
59347 1.112
59348 1.112
59349 1.112
59350 1.112
59351 1.112
59352 1.112
59353 1.112
59354 1.113
59356 1.113
59357 1.113
59358 1.113
59359 1.114
59360 1.114
59361 1.114
59362 1.114
59363 1.114
59365 1.114
59366 1.114
59367 1.114
59368 1.114
59369 1.114
59370 1.114
59371 1.114
59373 1.114
59374 1.114
59375 1.114
59376 1.114
59377 1.114
59378 1.114
59379 1.114
59380 1.114
59382 1.115
59383 1.115
59384 1.115
59385 1.115
59386 1.116
59387 1.116
59388 1.116
59389 1.116
59391 1.116
59392 1.116
59393 1.116
59394 1.116
59395 1.116
59396 1.116
59397 1.116
59399 1.116
59400 1.116
59401 1.116
59402 1.116
59403 1.116
59404 1.116
59405 1.116
59406 1.116
59408 1.116
59409 1.116
59410 1.116
59411 1.116
59412 1.116
59413 1.116
59414 1.117
59416 1.117
59417 1.117
59418 1.117
59419 1.117
59420 1.117
59421 1.117
59422 1.117
59424 1.117
59425 1.117
59426 1.117
59427 1.117
59428 1.117
59429 1.117
59430 1.117
59431 1.117
59433 1.117
59434 1.117
59435 1.117
59436 1.117
59437 1.117
59438 1.117
59439 1.117
59440 1.119
59442 1.119
59443 1.119
59444 1.119
59445 1.119
59446 1.119
59447 1.119
59448 1.119
59450 1.119
59451 1.119
59452 1.119
59453 1.119
59454 1.119
59455 1.119
59456 1.119
59457 1.119
59459 1.119
59460 1.119
59461 1.119
59462 1.119
59463 1.119
59464 1.120
59465 1.119
59466 1.119
59468 1.119
59469 1.121
59470 1.121
59471 1.121
59472 1.121
59473 1.121
59474 1.121
59476 1.121
59477 1.121
59478 1.121
59479 1.121
59480 1.121
59481 1.121
59482 1.121
59483 1.121
59485 1.121
59486 1.121
59487 1.121
59488 1.121
59489 1.121
59490 1.121
59491 1.121
59492 1.121
59494 1.121
59495 1.121
59496 1.121
59497 1.122
59498 1.121
59499 1.122
59500 1.122
59502 1.122
59503 1.122
59504 1.122
59505 1.122
59506 1.122
59507 1.122
59508 1.122
59509 1.122
59511 1.122
59512 1.122
59513 1.122
59514 1.122
59515 1.122
59516 1.123
59517 1.122
59518 1.122
59520 1.122
59521 1.122
59522 1.122
59523 1.122
59524 1.122
59525 1.123
59526 1.122
59528 1.123
59529 1.124
59530 1.124
59531 1.124
59532 1.124
59533 1.123
59534 1.124
59535 1.124
59537 1.124
59538 1.124
59539 1.124
59540 1.124
59541 1.124
59542 1.124
59543 1.124
59544 1.124
59546 1.124
59547 1.124
59548 1.124
59549 1.124
59550 1.124
59551 1.124
59552 1.124
59554 1.124
59555 1.124
59556 1.125
59557 1.125
59558 1.126
59559 1.125
59560 1.126
59561 1.126
59563 1.126
59564 1.126
59565 1.126
59566 1.126
59567 1.126
59568 1.126
59569 1.126
59571 1.126
59572 1.126
59573 1.126
59574 1.126
59575 1.126
59576 1.126
59577 1.126
59578 1.126
59580 1.126
59581 1.126
59582 1.126
59583 1.126
59584 1.126
59585 1.126
59586 1.126
59587 1.126
59589 1.127
59590 1.126
59591 1.127
59592 1.127
59593 1.127
59594 1.127
59595 1.127
59597 1.127
59598 1.127
59599 1.127
59600 1.127
59601 1.127
59602 1.127
59603 1.127
59604 1.127
59606 1.127
59607 1.127
59608 1.127
59609 1.127
59610 1.127
59611 1.127
59612 1.127
59613 1.127
59615 1.127
59616 1.127
59617 1.127
59618 1.127
59619 1.128
59620 1.128
59621 1.129
59623 1.129
59624 1.129
59625 1.129
59626 1.129
59627 1.129
59628 1.129
59629 1.129
59630 1.129
59632 1.129
59633 1.129
59634 1.129
59635 1.129
59636 1.129
59637 1.129
59638 1.129
59639 1.129
59641 1.129
59642 1.129
59643 1.129
59644 1.129
59645 1.129
59646 1.129
59647 1.129
59649 1.129
59650 1.129
59651 1.129
59652 1.129
59653 1.130
59654 1.130
59655 1.130
59656 1.131
59658 1.131
59659 1.131
59660 1.131
59661 1.131
59662 1.131
59663 1.131
59664 1.131
59665 1.131
59667 1.131
59668 1.131
59669 1.131
59670 1.131
59671 1.131
59672 1.131
59673 1.131
59675 1.131
59676 1.131
59677 1.131
59678 1.131
59679 1.131
59680 1.131
59681 1.131
59682 1.131
59684 1.131
59685 1.131
59686 1.131
59687 1.131
59688 1.131
59689 1.132
59690 1.132
59691 1.132
59693 1.132
59694 1.132
59695 1.132
59696 1.132
59697 1.132
59698 1.132
59699 1.132
59701 1.132
59702 1.132
59703 1.132
59704 1.132
59705 1.132
59706 1.132
59707 1.132
59708 1.132
59710 1.132
59711 1.132
59712 1.132
59713 1.132
59714 1.132
59715 1.132
59716 1.132
59717 1.132
59719 1.133
59720 1.132
59721 1.133
59722 1.133
59723 1.133
59724 1.133
59725 1.134
59727 1.134
59728 1.134
59729 1.134
59730 1.134
59731 1.134
59732 1.134
59733 1.134
59734 1.134
59736 1.134
59737 1.134
59738 1.134
59739 1.134
59740 1.134
59741 1.134
59742 1.134
59743 1.134
59745 1.134
59746 1.134
59747 1.134
59748 1.134
59749 1.134
59750 1.134
59751 1.134
59753 1.134
59754 1.134
59755 1.134
59756 1.134
59757 1.135
59758 1.136
59759 1.136
59760 1.136
59762 1.136
59763 1.136
59764 1.136
59765 1.136
59766 1.136
59767 1.136
59768 1.136
59769 1.136
59771 1.136
59772 1.136
59773 1.136
59774 1.136
59775 1.136
59776 1.136
59777 1.136
59779 1.136
59780 1.136
59781 1.136
59782 1.136
59783 1.136
59784 1.136
59785 1.136
59786 1.136
59788 1.136
59789 1.136
59790 1.136
59791 1.136
59792 1.136
59793 1.136
59794 1.137
59795 1.137
59797 1.136
59798 1.137
59799 1.137
59800 1.137
59801 1.137
59802 1.137
59803 1.137
59805 1.137
59806 1.137
59807 1.137
59808 1.137
59809 1.137
59810 1.137
59811 1.137
59812 1.137
59814 1.137
59815 1.137
59816 1.137
59817 1.137
59818 1.137
59819 1.137
59820 1.137
59821 1.137
59823 1.137
59824 1.137
59825 1.137
59826 1.137
59827 1.137
59828 1.138
59829 1.138
59831 1.137
59832 1.137
59833 1.138
59834 1.138
59835 1.139
59836 1.139
59837 1.139
59838 1.139
59840 1.139
59841 1.139
59842 1.139
59843 1.139
59844 1.139
59845 1.139
59846 1.139
59847 1.139
59849 1.139
59850 1.139
59851 1.139
59852 1.139
59853 1.139
59854 1.139
59855 1.139
59857 1.139
59858 1.139
59859 1.139
59860 1.139
59861 1.139
59862 1.139
59863 1.139
59864 1.139
59866 1.139
59867 1.139
59868 1.139
59869 1.140
59870 1.141
59871 1.140
59872 1.141
59873 1.141
59875 1.141
59876 1.141
59877 1.141
59878 1.141
59879 1.141
59880 1.141
59881 1.141
59883 1.141
59884 1.141
59885 1.141
59886 1.141
59887 1.141
59888 1.141
59889 1.141
59890 1.141
59892 1.141
59893 1.141
59894 1.141
59895 1.141
59896 1.141
59897 1.141
59898 1.141
59899 1.141
59901 1.141
59902 1.141
59903 1.141
59904 1.141
59905 1.141
59906 1.141
59907 1.141
59909 1.141
59910 1.141
59911 1.141
59912 1.141
59913 1.142
59914 1.142
59915 1.141
59916 1.142
59918 1.142
59919 1.142
59920 1.141
59921 1.142
59922 1.142
59923 1.142
59924 1.142
59925 1.142
59927 1.142
59928 1.142
59929 1.142
59930 1.142
59931 1.142
59932 1.142
59933 1.142
59935 1.142
59936 1.142
59937 1.142
59938 1.142
59939 1.142
59940 1.142
59941 1.142
59942 1.142
59944 1.142
59945 1.142
59946 1.142
59947 1.142
59948 1.142
59949 1.142
59950 1.142
59952 1.143
59953 1.143
59954 1.142
59955 1.142
59956 1.142
59957 1.142
59958 1.143
59960 1.143
59961 1.144
59962 1.143
59963 1.144
59964 1.144
59965 1.144
59966 1.144
59967 1.144
59969 1.144
59970 1.144
59971 1.144
59972 1.144
59973 1.144
59974 1.144
59975 1.144
59977 1.144
59978 1.144
59979 1.144
59980 1.144
59981 1.144
59982 1.144
59983 1.144
59984 1.144
59986 1.144
59987 1.144
59988 1.144
59989 1.144
59990 1.144
59991 1.144
59992 1.144
59993 1.144
59995 1.144
59996 1.144
59997 1.145
59998 1.144
59999 1.144
60000 1.144
60001 1.146
60003 1.146
60004 1.146
60005 1.146
60006 1.146
60007 1.146
60008 1.146
60009 1.146
60010 1.146
60012 1.146
60013 1.146
60014 1.146
60015 1.146
60016 1.146
60017 1.146
60018 1.146
60019 1.146
60021 1.146
60022 1.146
60023 1.146
60024 1.146
60025 1.146
60026 1.146
60027 1.146
60029 1.146
60030 1.146
60031 1.146
60032 1.146
60033 1.146
60034 1.146
60035 1.146
60036 1.146
60038 1.146
60039 1.146
60040 1.146
60041 1.146
60042 1.146
60043 1.147
60044 1.147
60045 1.147
60047 1.147
60048 1.146
60049 1.147
60050 1.147
60051 1.147
60052 1.147
60053 1.147
60055 1.147
60056 1.147
60057 1.147
60058 1.147
60059 1.147
60060 1.147
60061 1.147
60062 1.147
60064 1.147
60065 1.147
60066 1.147
60067 1.147
60068 1.147
60069 1.147
60070 1.147
60071 1.147
60073 1.147
60074 1.147
60075 1.147
60076 1.147
60077 1.147
60078 1.147
60079 1.147
60081 1.149
60082 1.148
60083 1.148
60084 1.148
60085 1.147
60086 1.149
60087 1.149
60088 1.149
60090 1.149
60091 1.149
60092 1.148
60093 1.149
60094 1.149
60095 1.149
60096 1.149
60097 1.149
60099 1.149
60100 1.149
60101 1.149
60102 1.149
60103 1.149
60104 1.149
60105 1.149
60107 1.149
60108 1.149
60109 1.149
60110 1.149
60111 1.149
60112 1.149
60113 1.149
60114 1.149
60116 1.149
60117 1.149
60118 1.149
60119 1.149
60120 1.149
60121 1.150
60122 1.149
60124 1.149
60125 1.149
60126 1.150
60127 1.150
60128 1.150
60129 1.150
60130 1.150
60131 1.150
60133 1.150
60134 1.150
60135 1.150
60136 1.150
60137 1.150
60138 1.150
60139 1.150
60140 1.150
60142 1.150
60143 1.150
60144 1.150
60145 1.150
60146 1.150
60147 1.150
60148 1.150
60150 1.150
60151 1.150
60152 1.150
60153 1.150
60154 1.150
60155 1.150
60156 1.150
60157 1.150
60159 1.150
60160 1.150
60161 1.150
60162 1.150
60163 1.150
60164 1.150
60165 1.151
60166 1.151
60168 1.151
60169 1.151
60170 1.152
60171 1.151
60172 1.152
60173 1.152
60174 1.152
60176 1.152
60177 1.152
60178 1.152
60179 1.152
60180 1.152
60181 1.152
60182 1.152
60183 1.152
60185 1.152
60186 1.152
60187 1.152
60188 1.152
60189 1.152
60190 1.152
60191 1.152
60192 1.152
60194 1.152
60195 1.152
60196 1.152
60197 1.152
60198 1.152
60199 1.152
60200 1.152
60202 1.152
60203 1.152
60204 1.152
60205 1.152
60206 1.152
60207 1.152
60208 1.152
60209 1.152
60211 1.153
60212 1.154
60213 1.154
60214 1.154
60215 1.154
60216 1.154
60217 1.154
60218 1.154
60220 1.154
60221 1.154
60222 1.154
60223 1.154
60224 1.154
60225 1.154
60226 1.154
60228 1.154
60229 1.154
60230 1.154
60231 1.154
60232 1.154
60233 1.154
60234 1.154
60235 1.154
60237 1.154
60238 1.154
60239 1.154
60240 1.154
60241 1.154
60242 1.154
60243 1.154
60244 1.154
60246 1.154
60247 1.155
60248 1.154
60249 1.154
60250 1.154
60251 1.154
60252 1.154
60254 1.154
60255 1.155
60256 1.155
60257 1.155
60258 1.155
60259 1.155
60260 1.155
60261 1.155
60263 1.155
60264 1.155
60265 1.155
60266 1.155
60267 1.155
60268 1.155
60269 1.155
60270 1.155
60272 1.155
60273 1.155
60274 1.155
60275 1.155
60276 1.155
60277 1.155
60278 1.155
60280 1.155
60281 1.155
60282 1.155
60283 1.155
60284 1.155
60285 1.155
60286 1.155
60287 1.155
60289 1.155
60290 1.155
60291 1.155
60292 1.155
60293 1.155
60294 1.155
60295 1.156
60296 1.155
60298 1.155
60299 1.156
60300 1.155
60301 1.155
60302 1.155
60303 1.155
60304 1.157
60306 1.157
60307 1.156
60308 1.157
60309 1.157
60310 1.157
60311 1.157
60312 1.157
60313 1.157
60315 1.157
60316 1.157
60317 1.157
60318 1.157
60319 1.157
60320 1.157
60321 1.157
60322 1.157
60324 1.157
60325 1.157
60326 1.157
60327 1.157
60328 1.157
60329 1.157
60330 1.157
60332 1.157
60333 1.157
60334 1.157
60335 1.157
60336 1.157
60337 1.157
60338 1.157
60339 1.157
60341 1.157
60342 1.157
60343 1.157
60344 1.157
60345 1.157
60346 1.157
60347 1.157
60348 1.157
60350 1.157
60351 1.157
60352 1.157
60353 1.158
60354 1.158
60355 1.159
60356 1.159
60358 1.159
60359 1.159
60360 1.158
60361 1.159
60362 1.158
60363 1.159
60364 1.159
60365 1.159
60367 1.159
60368 1.159
60369 1.159
60370 1.159
60371 1.159
60372 1.159
60373 1.159
60374 1.159
60376 1.159
60377 1.159
60378 1.159
60379 1.159
60380 1.159
60381 1.159
60382 1.159
60384 1.159
60385 1.159
60386 1.159
60387 1.159
60388 1.159
60389 1.159
60390 1.159
60391 1.159
60393 1.159
60394 1.159
60395 1.159
60396 1.159
60397 1.159
60398 1.159
60399 1.160
60400 1.159
60402 1.159
60403 1.159
60404 1.160
60405 1.160
60406 1.160
60407 1.160
60408 1.160
60410 1.160
60411 1.160
60412 1.160
60413 1.160
60414 1.160
60415 1.160
60416 1.160
60417 1.160
60419 1.160
60420 1.160
60421 1.160
60422 1.160
60423 1.160
60424 1.160
60425 1.160
60426 1.160
60428 1.160
60429 1.160
60430 1.160
60431 1.160
60432 1.160
60433 1.160
60434 1.160
60436 1.160
60437 1.160
60438 1.160
60439 1.160
60440 1.160
60441 1.160
60442 1.160
60443 1.160
60445 1.160
60446 1.160
60447 1.160
60448 1.160
60449 1.160
60450 1.160
60451 1.160
60452 1.160
60454 1.160
60455 1.161
60456 1.160
60457 1.160
60458 1.162
60459 1.162
60460 1.162
60462 1.162
60463 1.162
60464 1.162
60465 1.162
60466 1.162
60467 1.162
60468 1.161
60469 1.162
60471 1.162
60472 1.162
60473 1.162
60474 1.162
60475 1.162
60476 1.162
60477 1.162
60478 1.162
60480 1.162
60481 1.162
60482 1.162
60483 1.162
60484 1.162
60485 1.162
60486 1.162
60488 1.162
60489 1.162
60490 1.162
60491 1.162
60492 1.162
60493 1.162
60494 1.162
60495 1.162
60497 1.162
60498 1.162
60499 1.162
60500 1.162
60501 1.162
60502 1.162
60503 1.162
60504 1.162
60506 1.162
60507 1.162
60508 1.162
60509 1.162
60510 1.162
60511 1.162
60513 1.163
60514 1.162
60515 1.163
60516 1.164
60517 1.164
60518 1.163
60519 1.164
60520 1.164
60522 1.164
60523 1.164
60524 1.164
60525 1.164
60526 1.164
60527 1.164
60528 1.164
60530 1.164
60531 1.164
60532 1.164
60533 1.164
60534 1.164
60535 1.164
60536 1.164
60537 1.164
60539 1.164
60540 1.164
60541 1.164
60542 1.164
60543 1.164
60544 1.164
60545 1.164
60546 1.164
60548 1.164
60549 1.164
60550 1.164
60551 1.164
60552 1.164
60553 1.164
60554 1.164
60556 1.164
60557 1.164
60558 1.164
60559 1.164
60560 1.164
60561 1.164
60562 1.164
60563 1.164
60565 1.164
60566 1.164
60567 1.164
60568 1.164
60569 1.165
60570 1.165
60571 1.165
60572 1.165
60574 1.165
60575 1.165
60576 1.165
60577 1.165
60578 1.165
60579 1.165
60580 1.165
60582 1.165
60583 1.165
60584 1.165
60585 1.165
60586 1.165
60587 1.165
60588 1.165
60589 1.165
60591 1.165
60592 1.165
60593 1.165
60594 1.165
60595 1.165
60596 1.165
60597 1.165
60598 1.165
60600 1.165
60601 1.165
60602 1.165
60603 1.165
60604 1.165
60605 1.165
60606 1.165
60608 1.165
60609 1.165
60610 1.165
60611 1.165
60612 1.165
60613 1.165
60614 1.165
60615 1.165
60617 1.165
60618 1.165
60619 1.165
60620 1.165
60621 1.165
60622 1.166
60623 1.165
60624 1.165
60626 1.165
60627 1.166
60628 1.166
60629 1.167
60630 1.166
60631 1.167
60632 1.167
60634 1.167
60635 1.167
60636 1.167
60637 1.167
60638 1.166
60639 1.167
60640 1.167
60641 1.167
60643 1.167
60644 1.167
60645 1.167
60646 1.167
60647 1.167
60648 1.167
60649 1.167
60651 1.167
60652 1.167
60653 1.167
60654 1.167
60655 1.167
60656 1.167
60657 1.167
60658 1.167
60660 1.167
60661 1.167
60662 1.167
60663 1.167
60664 1.167
60665 1.167
60666 1.167
60667 1.167
60669 1.167
60670 1.167
60671 1.167
60672 1.167
60673 1.167
60674 1.167
60675 1.167
60677 1.167
60678 1.167
60679 1.167
60680 1.167
60681 1.167
60682 1.167
60683 1.167
60684 1.167
60686 1.167
60687 1.167
60688 1.168
60689 1.168
60690 1.168
60691 1.169
60692 1.169
60693 1.169
60695 1.169
60696 1.169
60697 1.169
60698 1.169
60699 1.169
60700 1.169
60701 1.169
60703 1.169
60704 1.169
60705 1.169
60706 1.169
60707 1.169
60708 1.169
60709 1.169
60710 1.169
60712 1.169
60713 1.169
60714 1.169
60715 1.169
60716 1.169
60717 1.169
60718 1.169
60719 1.169
60721 1.169
60722 1.169
60723 1.169
60724 1.169
60725 1.169
60726 1.169
60727 1.169
60729 1.169
60730 1.169
60731 1.169
60732 1.169
60733 1.169
60734 1.169
60735 1.169
60736 1.169
60738 1.169
60739 1.169
60740 1.170
60741 1.170
60742 1.170
60743 1.169
60744 1.169
60745 1.170
60747 1.170
60748 1.170
60749 1.170
60750 1.170
60751 1.170
60752 1.170
60753 1.170
60755 1.170
60756 1.170
60757 1.170
60758 1.170
60759 1.170
60760 1.170
60761 1.170
60762 1.170
60764 1.170
60765 1.170
60766 1.170
60767 1.170
60768 1.170
60769 1.170
60770 1.170
60771 1.170
60773 1.170
60774 1.170
60775 1.170
60776 1.170
60777 1.170
60778 1.170
60779 1.170
60781 1.170
60782 1.170
60783 1.170
60784 1.170
60785 1.170
60786 1.170
60787 1.170
60788 1.170
60790 1.170
60791 1.170
60792 1.170
60793 1.170
60794 1.170
60795 1.170
60796 1.170
60797 1.170
60799 1.170
60800 1.170
60801 1.171
60802 1.171
60803 1.171
60804 1.171
60805 1.172
60807 1.171
60808 1.171
60809 1.172
60810 1.171
60811 1.172
60812 1.172
60813 1.172
60814 1.172
60816 1.172
60817 1.172
60818 1.172
60819 1.172
60820 1.172
60821 1.171
60822 1.172
60823 1.172
60825 1.172
60826 1.172
60827 1.172
60828 1.172
60829 1.172
60830 1.172
60831 1.172
60833 1.172
60834 1.172
60835 1.172
60836 1.172
60837 1.172
60838 1.172
60839 1.172
60840 1.172
60842 1.172
60843 1.172
60844 1.172
60845 1.172
60846 1.172
60847 1.172
60848 1.172
60849 1.172
60851 1.172
60852 1.172
60853 1.172
60854 1.172
60855 1.172
60856 1.172
60857 1.172
60859 1.173
60860 1.172
60861 1.173
60862 1.173
60863 1.173
60864 1.172
60865 1.172
60866 1.174
60868 1.173
60869 1.174
60870 1.174
60871 1.173
60872 1.174
60873 1.174
60874 1.174
60875 1.174
60877 1.174
60878 1.174
60879 1.174
60880 1.174
60881 1.174
60882 1.174
60883 1.174
60885 1.174
60886 1.174
60887 1.174
60888 1.174
60889 1.174
60890 1.174
60891 1.174
60892 1.174
60894 1.174
60895 1.174
60896 1.174
60897 1.174
60898 1.174
60899 1.174
60900 1.174
60901 1.174
60903 1.174
60904 1.174
60905 1.174
60906 1.174
60907 1.174
60908 1.174
60909 1.174
60911 1.174
60912 1.174
60913 1.174
60914 1.174
60915 1.174
60916 1.174
60917 1.175
60918 1.174
60920 1.174
60921 1.174
60922 1.174
60923 1.175
60924 1.174
60925 1.175
60926 1.175
60927 1.175
60929 1.175
60930 1.175
60931 1.175
60932 1.175
60933 1.175
60934 1.175
60935 1.175
60937 1.175
60938 1.175
60939 1.175
60940 1.175
60941 1.175
60942 1.175
60943 1.175
60944 1.175
60946 1.175
60947 1.175
60948 1.175
60949 1.175
60950 1.175
60951 1.175
60952 1.175
60953 1.175
60955 1.175
60956 1.175
60957 1.175
60958 1.175
60959 1.175
60960 1.175
60961 1.175
60963 1.175
60964 1.175
60965 1.175
60966 1.175
60967 1.175
60968 1.175
60969 1.175
60970 1.175
60972 1.175
60973 1.175
60974 1.175
60975 1.175
60976 1.175
60977 1.175
60978 1.175
60979 1.175
60981 1.175
60982 1.175
60983 1.175
60984 1.176
60985 1.176
60986 1.177
60987 1.177
60989 1.176
60990 1.177
60991 1.177
60992 1.177
60993 1.177
60994 1.177
60995 1.177
60996 1.177
60998 1.177
60999 1.177
61000 1.177
61001 1.177
61002 1.177
61003 1.177
61004 1.177
61005 1.177
61007 1.177
61008 1.177
61009 1.177
61010 1.177
61011 1.177
61012 1.177
61013 1.177
61015 1.177
61016 1.177
61017 1.177
61018 1.177
61019 1.177
61020 1.177
61021 1.177
61022 1.177
61024 1.177
61025 1.177
61026 1.177
61027 1.177
61028 1.177
61029 1.177
61030 1.177
61032 1.177
61033 1.177
61034 1.177
61035 1.177
61036 1.177
61037 1.177
61038 1.177
61039 1.177
61041 1.177
61042 1.177
61043 1.178
61044 1.177
61045 1.178
61046 1.177
61047 1.177
61048 1.177
61050 1.177
61051 1.179
61052 1.178
61053 1.179
61054 1.179
61055 1.179
61057 1.179
61058 1.179
61059 1.179
61060 1.179
61061 1.178
61062 1.179
61063 1.179
61064 1.179
61066 1.179
61067 1.179
61068 1.179
61069 1.179
61070 1.179
61071 1.179
61072 1.179
61073 1.179
61075 1.179
61076 1.179
61077 1.179
61078 1.179
61079 1.179
61080 1.179
61081 1.179
61083 1.179
61084 1.179
61085 1.179
61086 1.179
61087 1.179
61088 1.179
61089 1.179
61090 1.179
61092 1.179
61093 1.179
61094 1.179
61095 1.179
61096 1.179
61097 1.179
61098 1.179
61099 1.179
61101 1.179
61102 1.179
61103 1.179
61104 1.179
61105 1.179
61106 1.179
61107 1.179
61109 1.179
61110 1.179
61111 1.179
61112 1.179
61113 1.180
61114 1.180
61115 1.179
61116 1.179
61118 1.180
61119 1.180
61120 1.180
61121 1.180
61122 1.179
61123 1.180
61124 1.180
61125 1.180
61127 1.180
61128 1.180
61129 1.180
61130 1.180
61131 1.180
61132 1.180
61133 1.180
61135 1.180
61136 1.180
61137 1.180
61138 1.180
61139 1.180
61140 1.180
61141 1.180
61142 1.180
61144 1.180
61145 1.180
61146 1.180
61147 1.180
61148 1.180
61149 1.180
61150 1.180
61151 1.180
61153 1.180
61154 1.180
61155 1.180
61156 1.180
61157 1.180
61158 1.180
61159 1.180
61161 1.180
61162 1.180
61163 1.180
61164 1.180
61165 1.180
61166 1.180
61167 1.180
61168 1.180
61170 1.180
61171 1.180
61172 1.180
61173 1.180
61174 1.180
61175 1.180
61176 1.180
61177 1.180
61179 1.180
61180 1.180
61181 1.180
61182 1.180
61183 1.180
61184 1.180
61185 1.180
61187 1.180
61188 1.180
61189 1.180
61190 1.180
61191 1.181
61192 1.180
61193 1.182
61194 1.182
61196 1.181
61197 1.181
61198 1.182
61199 1.180
61200 1.182
61201 1.182
61202 1.182
61204 1.182
61205 1.182
61206 1.182
61207 1.182
61208 1.182
61209 1.182
61210 1.182
61211 1.182
61213 1.182
61214 1.182
61215 1.182
61216 1.182
61217 1.182
61218 1.182
61219 1.182
61220 1.182
61222 1.182
61223 1.182
61224 1.182
61225 1.182
61226 1.182
61227 1.182
61228 1.182
61230 1.182
61231 1.182
61232 1.182
61233 1.182
61234 1.182
61235 1.182
61236 1.182
61237 1.182
61239 1.182
61240 1.182
61241 1.182
61242 1.182
61243 1.183
61244 1.182
61245 1.182
61246 1.182
61248 1.182
61249 1.182
61250 1.182
61251 1.182
61252 1.182
61253 1.182
61254 1.182
61256 1.182
61257 1.182
61258 1.182
61259 1.183
61260 1.182
61261 1.182
61262 1.182
61263 1.183
61265 1.183
61266 1.183
61267 1.184
61268 1.184
61269 1.184
61270 1.183
61271 1.184
61272 1.184
61274 1.184
61275 1.184
61276 1.184
61277 1.184
61278 1.184
61279 1.184
61280 1.184
61282 1.184
61283 1.184
61284 1.184
61285 1.184
61286 1.184
61287 1.184
61288 1.184
61289 1.184
61291 1.184
61292 1.184
61293 1.184
61294 1.184
61295 1.184
61296 1.184
61297 1.184
61298 1.184
61300 1.184
61301 1.184
61302 1.184
61303 1.184
61304 1.184
61305 1.184
61306 1.184
61308 1.184
61309 1.184
61310 1.184
61311 1.184
61312 1.184
61313 1.184
61314 1.184
61315 1.184
61317 1.184
61318 1.184
61319 1.184
61320 1.184
61321 1.184
61322 1.184
61323 1.184
61324 1.184
61326 1.184
61327 1.184
61328 1.184
61329 1.184
61330 1.184
61331 1.184
61332 1.184
61334 1.184
61335 1.185
61336 1.184
61337 1.184
61338 1.185
61339 1.185
61340 1.184
61341 1.185
61343 1.185
61344 1.185
61345 1.185
61346 1.185
61347 1.185
61348 1.185
61349 1.185
61350 1.185
61352 1.185
61353 1.185
61354 1.185
61355 1.185
61356 1.185
61357 1.185
61358 1.185
61360 1.185
61361 1.185
61362 1.185
61363 1.185
61364 1.185
61365 1.185
61366 1.185
61367 1.185
61369 1.185
61370 1.185
61371 1.185
61372 1.185
61373 1.185
61374 1.185
61375 1.185
61376 1.185
61378 1.185
61379 1.185
61380 1.185
61381 1.185
61382 1.185
61383 1.185
61384 1.185
61386 1.185
61387 1.185
61388 1.185
61389 1.185
61390 1.185
61391 1.185
61392 1.185
61393 1.185
61395 1.185
61396 1.185
61397 1.185
61398 1.185
61399 1.185
61400 1.185
61401 1.185
61402 1.185
61404 1.185
61405 1.185
61406 1.185
61407 1.185
61408 1.185
61409 1.185
61410 1.185
61412 1.185
61413 1.185
61414 1.187
61415 1.186
61416 1.185
61417 1.185
61418 1.185
61419 1.186
61421 1.185
61422 1.186
61423 1.187
61424 1.187
61425 1.187
61426 1.187
61427 1.187
61429 1.186
61430 1.186
61431 1.187
61432 1.187
61433 1.187
61434 1.187
61435 1.187
61436 1.187
61438 1.187
61439 1.187
61440 1.187
61441 1.187
61442 1.187
61443 1.187
61444 1.187
61445 1.187
61447 1.187
61448 1.186
61449 1.187
61450 1.187
61451 1.187
61452 1.187
61453 1.187
61454 1.187
61456 1.187
61457 1.187
61458 1.187
61459 1.187
61460 1.187
61461 1.187
61462 1.187
61464 1.187
61465 1.187
61466 1.187
61467 1.187
61468 1.187
61469 1.187
61470 1.187
61471 1.187
61473 1.187
61474 1.187
61475 1.187
61476 1.187
61477 1.187
61478 1.187
61479 1.187
61481 1.187
61482 1.187
61483 1.187
61484 1.187
61485 1.187
61486 1.187
61487 1.187
61488 1.187
61490 1.187
61491 1.187
61492 1.188
61493 1.187
61494 1.188
61495 1.188
61496 1.189
61497 1.189
61499 1.189
61500 1.188
61501 1.188
61502 1.188
61503 1.189
61504 1.189
61505 1.189
61507 1.189
61508 1.189
61509 1.189
61510 1.189
61511 1.189
61512 1.189
61513 1.189
61514 1.189
61516 1.189
61517 1.189
61518 1.189
61519 1.189
61520 1.189
61521 1.189
61522 1.189
61523 1.189
61525 1.189
61526 1.189
61527 1.189
61528 1.189
61529 1.189
61530 1.189
61531 1.189
61533 1.189
61534 1.189
61535 1.189
61536 1.189
61537 1.189
61538 1.189
61539 1.189
61540 1.189
61542 1.189
61543 1.189
61544 1.189
61545 1.189
61546 1.189
61547 1.189
61548 1.189
61549 1.189
61551 1.189
61552 1.189
61553 1.189
61554 1.189
61555 1.189
61556 1.189
61557 1.189
61559 1.189
61560 1.189
61561 1.189
61562 1.189
61563 1.189
61564 1.189
61565 1.189
61566 1.189
61568 1.189
61569 1.189
61570 1.189
61571 1.189
61572 1.189
61573 1.189
61574 1.189
61575 1.190
61577 1.189
61578 1.190
61579 1.189
61580 1.190
61581 1.189
61582 1.189
61583 1.190
61585 1.190
61586 1.190
61587 1.190
61588 1.190
61589 1.190
61590 1.190
61591 1.190
61592 1.190
61594 1.190
61595 1.190
61596 1.190
61597 1.190
61598 1.190
61599 1.190
61600 1.190
61602 1.190
61603 1.190
61604 1.190
61605 1.190
61606 1.190
61607 1.190
61608 1.190
61610 1.190
61611 1.190
61612 1.190
61613 1.190
61614 1.190
61615 1.190
61616 1.190
61617 1.190
61619 1.190
61620 1.190
61621 1.190
61622 1.190
61623 1.190
61624 1.190
61625 1.190
61626 1.190
61628 1.190
61629 1.190
61630 1.190
61631 1.190
61632 1.190
61633 1.190
61634 1.190
61636 1.190
61637 1.190
61638 1.190
61639 1.190
61640 1.190
61641 1.190
61642 1.190
61643 1.190
61645 1.190
61646 1.190
61647 1.190
61648 1.190
61649 1.190
61650 1.190
61651 1.190
61653 1.190
61654 1.190
61655 1.191
61656 1.190
61657 1.190
61658 1.191
61659 1.190
61660 1.191
61662 1.190
61663 1.191
61664 1.191
61665 1.191
61666 1.191
61667 1.191
61668 1.191
61669 1.192
61671 1.192
61672 1.192
61673 1.192
61674 1.192
61675 1.192
61676 1.192
61677 1.192
61679 1.192
61680 1.192
61681 1.191
61682 1.192
61683 1.192
61684 1.192
61685 1.192
61686 1.192
61688 1.192
61689 1.192
61690 1.192
61691 1.192
61692 1.192
61693 1.192
61694 1.192
61695 1.192
61697 1.192
61698 1.192
61699 1.192
61700 1.192
61701 1.192
61702 1.192
61703 1.192
61705 1.192
61706 1.192
61707 1.192
61708 1.192
61709 1.192
61710 1.192
61711 1.192
61712 1.192
61714 1.192
61715 1.192
61716 1.192
61717 1.192
61718 1.192
61719 1.192
61720 1.192
61721 1.192
61723 1.192
61724 1.192
61725 1.192
61726 1.192
61727 1.192
61728 1.192
61729 1.192
61731 1.192
61732 1.193
61733 1.192
61734 1.192
61735 1.192
61736 1.192
61737 1.192
61738 1.192
61740 1.192
61741 1.192
61742 1.192
61743 1.192
61744 1.192
61745 1.192
61746 1.192
61747 1.193
61749 1.192
61750 1.192
61751 1.193
61752 1.192
61753 1.193
61754 1.193
61755 1.193
61757 1.193
61758 1.193
61759 1.194
61760 1.194
61761 1.194
61762 1.194
61763 1.194
61764 1.194
61766 1.194
61767 1.194
61768 1.194
61769 1.194
61770 1.194
61771 1.194
61772 1.194
61773 1.194
61775 1.194
61776 1.194
61777 1.194
61778 1.194
61779 1.194
61780 1.194
61781 1.194
61783 1.194
61784 1.194
61785 1.194
61786 1.194
61787 1.194
61788 1.194
61789 1.194
61790 1.194
61792 1.194
61793 1.194
61794 1.194
61795 1.194
61796 1.194
61797 1.194
61798 1.194
61799 1.194
61801 1.194
61802 1.194
61803 1.194
61804 1.194
61805 1.194
61806 1.194
61807 1.194
61809 1.194
61810 1.194
61811 1.194
61812 1.194
61813 1.194
61814 1.194
61815 1.194
61816 1.194
61818 1.194
61819 1.194
61820 1.194
61821 1.194
61822 1.194
61823 1.194
61824 1.194
61826 1.194
61827 1.194
61828 1.194
61829 1.194
61830 1.194
61831 1.194
61832 1.194
61833 1.194
61835 1.194
61836 1.194
61837 1.194
61838 1.194
61839 1.194
61840 1.194
61841 1.194
61842 1.195
61844 1.195
61845 1.195
61846 1.195
61847 1.194
61848 1.195
61849 1.195
61850 1.195
61852 1.195
61853 1.195
61854 1.195
61855 1.195
61856 1.195
61857 1.195
61858 1.195
61859 1.195
61861 1.195
61862 1.195
61863 1.194
61864 1.195
61865 1.195
61866 1.195
61867 1.195
61868 1.195
61870 1.195
61871 1.195
61872 1.195
61873 1.195
61874 1.195
61875 1.195
61876 1.195
61878 1.195
61879 1.195
61880 1.195
61881 1.195
61882 1.195
61883 1.195
61884 1.195
61885 1.195
61887 1.195
61888 1.195
61889 1.195
61890 1.195
61891 1.195
61892 1.195
61893 1.195
61894 1.195
61896 1.195
61897 1.195
61898 1.195
61899 1.195
61900 1.195
61901 1.195
61902 1.195
61904 1.195
61905 1.195
61906 1.195
61907 1.195
61908 1.195
61909 1.195
61910 1.195
61911 1.195
61913 1.195
61914 1.195
61915 1.195
61916 1.195
61917 1.195
61918 1.195
61919 1.195
61920 1.195
61922 1.195
61923 1.195
61924 1.195
61925 1.195
61926 1.195
61927 1.195
61928 1.195
61930 1.195
61931 1.195
61932 1.195
61933 1.195
61934 1.195
61935 1.196
61936 1.196
61937 1.196
61939 1.196
61940 1.196
61941 1.196
61942 1.196
61943 1.197
61944 1.196
61945 1.196
61946 1.197
61948 1.197
61949 1.197
61950 1.197
61951 1.196
61952 1.197
61953 1.197
61954 1.197
61956 1.197
61957 1.197
61958 1.197
61959 1.197
61960 1.197
61961 1.197
61962 1.197
61963 1.197
61965 1.197
61966 1.197
61967 1.197
61968 1.197
61969 1.197
61970 1.197
61971 1.197
61972 1.197
61974 1.197
61975 1.197
61976 1.197
61977 1.197
61978 1.197
61979 1.197
61980 1.197
61982 1.197
61983 1.197
61984 1.197
61985 1.197
61986 1.197
61987 1.197
61988 1.197
61989 1.197
61991 1.197
61992 1.197
61993 1.197
61994 1.197
61995 1.197
61996 1.197
61997 1.197
61998 1.197
62000 1.197
62001 1.197
62002 1.197
62003 1.197
62004 1.197
62005 1.197
62006 1.197
62008 1.197
62009 1.197
62010 1.197
62011 1.198
62012 1.197
62013 1.197
62014 1.197
62015 1.197
62017 1.197
62018 1.197
62019 1.197
62020 1.197
62021 1.197
62022 1.197
62023 1.198
62024 1.197
62026 1.198
62027 1.197
62028 1.197
62029 1.197
62030 1.197
62031 1.197
62032 1.197
62034 1.198
62035 1.198
62036 1.198
62037 1.197
62038 1.198
62039 1.198
62040 1.199
62041 1.198
62043 1.198
62044 1.199
62045 1.199
62046 1.199
62047 1.199
62048 1.199
62049 1.199
62050 1.198
62052 1.199
62053 1.199
62054 1.199
62055 1.199
62056 1.199
62057 1.199
62058 1.199
62060 1.199
62061 1.199
62062 1.199
62063 1.199
62064 1.199
62065 1.199
62066 1.199
62067 1.199
62069 1.199
62070 1.199
62071 1.199
62072 1.199
62073 1.199
62074 1.199
62075 1.199
62077 1.199
62078 1.199
62079 1.199
62080 1.199
62081 1.199
62082 1.199
62083 1.199
62084 1.199
62086 1.199
62087 1.199
62088 1.199
62089 1.199
62090 1.199
62091 1.199
62092 1.199
62093 1.199
62095 1.199
62096 1.199
62097 1.199
62098 1.199
62099 1.199
62100 1.199
62101 1.199
62103 1.199
62104 1.199
62105 1.199
62106 1.199
62107 1.199
62108 1.199
62109 1.199
62110 1.199
62112 1.199
62113 1.199
62114 1.199
62115 1.199
62116 1.199
62117 1.199
62118 1.199
62119 1.199
62121 1.199
62122 1.199
62123 1.199
62124 1.199
62125 1.199
62126 1.199
62127 1.199
62129 1.199
62130 1.199
62131 1.199
62132 1.199
62133 1.199
62134 1.199
62135 1.199
62136 1.199
62138 1.199
62139 1.199
62140 1.199
62141 1.199
62142 1.199
62143 1.200
62144 1.200
62146 1.199
62147 1.199
62148 1.200
62149 1.200
62150 1.199
62151 1.200
62152 1.200
62154 1.200
62155 1.200
62156 1.200
62157 1.200
62158 1.200
62159 1.200
62160 1.200
62161 1.200
62163 1.200
62164 1.200
62165 1.200
62166 1.200
62167 1.200
62168 1.200
62169 1.200
62170 1.200
62172 1.200
62173 1.200
62174 1.200
62175 1.200
62176 1.200
62177 1.200
62178 1.200
62180 1.200
62181 1.200
62182 1.200
62183 1.200
62184 1.200
62185 1.200
62186 1.200
62187 1.200
62189 1.200
62190 1.200
62191 1.200
62192 1.200
62193 1.200
62194 1.200
62195 1.200
62196 1.200
62198 1.200
62199 1.200
62200 1.200
62201 1.200
62202 1.200
62203 1.200
62204 1.200
62206 1.200
62207 1.200
62208 1.200
62209 1.200
62210 1.200
62211 1.200
62212 1.200
62213 1.200
62215 1.200
62216 1.200
62217 1.200
62218 1.200
62219 1.200
62220 1.200
62221 1.200
62223 1.200
62224 1.200
62225 1.200
62226 1.200
62227 1.200
62228 1.200
62229 1.200
62230 1.200
62232 1.200
62233 1.200
62234 1.200
62235 1.200
62236 1.200
62237 1.200
62238 1.200
62239 1.200
62241 1.200
62242 1.201
62243 1.200
62244 1.200
62245 1.201
62246 1.201
62247 1.200
62249 1.201
62250 1.202
62251 1.200
62252 1.201
62253 1.202
62254 1.202
62255 1.202
62256 1.202
62258 1.202
62259 1.202
62260 1.202
62261 1.202
62262 1.202
62263 1.201
62264 1.202
62265 1.202
62267 1.202
62268 1.202
62269 1.202
62270 1.203
62271 1.202
62272 1.202
62273 1.202
62275 1.202
62276 1.202
62277 1.202
62278 1.202
62279 1.202
62280 1.202
62281 1.202
62282 1.202
62284 1.202
62285 1.202
62286 1.202
62287 1.202
62288 1.202
62289 1.202
62290 1.202
62291 1.202
62293 1.202
62294 1.202
62295 1.202
62296 1.202
62297 1.202
62298 1.202
62299 1.202
62301 1.202
62302 1.202
62303 1.202
62304 1.202
62305 1.202
62306 1.202
62307 1.202
62308 1.202
62310 1.202
62311 1.202
62312 1.202
62313 1.202
62314 1.202
62315 1.202
62316 1.202
62317 1.202
62319 1.203
62320 1.202
62321 1.202
62322 1.202
62323 1.202
62324 1.202
62325 1.202
62327 1.202
62328 1.202
62329 1.202
62330 1.202
62331 1.202
62332 1.202
62333 1.202
62334 1.202
62336 1.202
62337 1.202
62338 1.202
62339 1.202
62340 1.203
62341 1.202
62342 1.202
62343 1.202
62345 1.202
62346 1.203
62347 1.202
62348 1.203
62349 1.202
62350 1.202
62351 1.202
62353 1.203
62354 1.203
62355 1.203
62356 1.204
62357 1.204
62358 1.203
62359 1.204
62360 1.203
62362 1.204
62363 1.204
62364 1.204
62365 1.203
62366 1.204
62367 1.204
62368 1.204
62369 1.204
62371 1.204
62372 1.204
62373 1.204
62374 1.204
62375 1.204
62376 1.204
62377 1.204
62379 1.204
62380 1.204
62381 1.204
62382 1.204
62383 1.204
62384 1.204
62385 1.204
62386 1.204
62388 1.204
62389 1.204
62390 1.204
62391 1.204
62392 1.204
62393 1.204
62394 1.204
62395 1.204
62397 1.204
62398 1.204
62399 1.204
62400 1.204
62401 1.204
62402 1.204
62403 1.204
62405 1.204
62406 1.204
62407 1.204
62408 1.204
62409 1.204
62410 1.204
62411 1.204
62412 1.204
62414 1.204
62415 1.204
62416 1.204
62417 1.204
62418 1.204
62419 1.204
62420 1.204
62422 1.204
62423 1.204
62424 1.204
62425 1.204
62426 1.204
62427 1.204
62428 1.204
62429 1.204
62431 1.204
62432 1.204
62433 1.204
62434 1.204
62435 1.204
62436 1.204
62437 1.204
62438 1.204
62440 1.204
62441 1.204
62442 1.204
62443 1.204
62444 1.204
62445 1.204
62446 1.204
62448 1.204
62449 1.204
62450 1.204
62451 1.204
62452 1.204
62453 1.204
62454 1.204
62455 1.204
62457 1.204
62458 1.204
62459 1.204
62460 1.204
62461 1.204
62462 1.204
62463 1.205
62464 1.204
62466 1.204
62467 1.204
62468 1.205
62469 1.205
62470 1.205
62471 1.205
62472 1.205
62474 1.205
62475 1.205
62476 1.205
62477 1.205
62478 1.205
62479 1.205
62480 1.205
62481 1.205
62483 1.205
62484 1.205
62485 1.205
62486 1.205
62487 1.205
62488 1.205
62489 1.205
62490 1.205
62492 1.205
62493 1.205
62494 1.205
62495 1.205
62496 1.205
62497 1.205
62498 1.205
62500 1.205
62501 1.205
62502 1.205
62503 1.205
62504 1.205
62505 1.205
62506 1.205
62507 1.205
62509 1.205
62510 1.205
62511 1.205
62512 1.205
62513 1.205
62514 1.205
62515 1.205
62516 1.205
62518 1.205
62519 1.205
62520 1.205
62521 1.205
62522 1.205
62523 1.205
62524 1.205
62526 1.205
62527 1.205
62528 1.205
62529 1.205
62530 1.205
62531 1.205
62532 1.205
62533 1.205
62535 1.205
62536 1.205
62537 1.205
62538 1.205
62539 1.205
62540 1.205
62541 1.205
62542 1.205
62544 1.205
62545 1.205
62546 1.205
62547 1.205
62548 1.205
62549 1.205
62550 1.205
62552 1.205
62553 1.205
62554 1.205
62555 1.205
62556 1.205
62557 1.205
62558 1.205
62559 1.205
62561 1.205
62562 1.205
62563 1.205
62564 1.205
62565 1.205
62566 1.205
62567 1.205
62568 1.205
62570 1.205
62571 1.205
62572 1.205
62573 1.205
62574 1.205
62575 1.205
62576 1.205
62578 1.205
62579 1.205
62580 1.205
62581 1.206
62582 1.205
62583 1.206
62584 1.206
62585 1.206
62587 1.206
62588 1.205
62589 1.206
62590 1.207
62591 1.207
62592 1.207
62593 1.207
62594 1.207
62596 1.207
62597 1.207
62598 1.207
62599 1.207
62600 1.207
62601 1.207
62602 1.206
62604 1.207
62605 1.207
62606 1.207
62607 1.207
62608 1.207
62609 1.207
62610 1.207
62611 1.207
62613 1.207
62614 1.207
62615 1.207
62616 1.207
62617 1.207
62618 1.207
62619 1.207
62620 1.207
62622 1.207
62623 1.207
62624 1.207
62625 1.207
62626 1.207
62627 1.207
62628 1.207
62630 1.207
62631 1.207
62632 1.207
62633 1.207
62634 1.207
62635 1.207
62636 1.207
62637 1.207
62639 1.207
62640 1.207
62641 1.207
62642 1.207
62643 1.207
62644 1.207
62645 1.207
62646 1.207
62648 1.207
62649 1.207
62650 1.207
62651 1.207
62652 1.207
62653 1.207
62654 1.207
62656 1.207
62657 1.207
62658 1.207
62659 1.207
62660 1.207
62661 1.207
62662 1.207
62663 1.207
62665 1.207
62666 1.207
62667 1.207
62668 1.207
62669 1.207
62670 1.207
62671 1.207
62673 1.207
62674 1.207
62675 1.207
62676 1.207
62677 1.207
62678 1.207
62679 1.207
62680 1.207
62682 1.207
62683 1.207
62684 1.207
62685 1.207
62686 1.207
62687 1.207
62688 1.207
62689 1.208
62691 1.207
62692 1.207
62693 1.207
62694 1.207
62695 1.207
62696 1.207
62698 1.209
62699 1.208
62700 1.207
62701 1.208
62702 1.208
62703 1.209
62704 1.207
62705 1.209
62707 1.209
62708 1.208
62709 1.209
62710 1.208
62711 1.209
62712 1.209
62713 1.209
62714 1.209
62716 1.209
62717 1.209
62718 1.209
62719 1.209
62720 1.209
62721 1.209
62722 1.209
62724 1.209
62725 1.209
62726 1.209
62727 1.209
62728 1.209
62729 1.209
62730 1.209
62731 1.209
62733 1.209
62734 1.209
62735 1.209
62736 1.209
62737 1.209
62738 1.209
62739 1.209
62740 1.209
62742 1.209
62743 1.209
62744 1.209
62745 1.209
62746 1.209
62747 1.209
62748 1.209
62750 1.209
62751 1.209
62752 1.209
62753 1.209
62754 1.209
62755 1.209
62756 1.209
62757 1.209
62759 1.209
62760 1.209
62761 1.209
62762 1.209
62763 1.209
62764 1.209
62765 1.209
62766 1.209
62768 1.209
62769 1.209
62770 1.209
62771 1.209
62772 1.209
62773 1.209
62774 1.209
62776 1.209
62777 1.209
62778 1.209
62779 1.209
62780 1.209
62781 1.209
62782 1.209
62783 1.209
62785 1.209
62786 1.209
62787 1.209
62788 1.209
62789 1.209
62790 1.209
62791 1.209
62792 1.209
62794 1.209
62795 1.209
62796 1.209
62797 1.209
62798 1.209
62799 1.209
62800 1.209
62802 1.209
62803 1.209
62804 1.209
62805 1.209
62806 1.209
62807 1.209
62808 1.209
62809 1.209
62811 1.209
62812 1.209
62813 1.209
62814 1.209
62815 1.209
62816 1.209
62817 1.209
62819 1.209
62820 1.209
62821 1.209
62822 1.210
62823 1.209
62824 1.210
62825 1.210
62826 1.210
62828 1.209
62829 1.210
62830 1.210
62831 1.210
62832 1.210
62833 1.210
62834 1.210
62835 1.210
62837 1.210
62838 1.210
62839 1.210
62840 1.210
62841 1.210
62842 1.210
62843 1.210
62845 1.210
62846 1.210
62847 1.210
62848 1.210
62849 1.210
62850 1.210
62851 1.210
62852 1.210
62854 1.210
62855 1.210
62856 1.210
62857 1.210
62858 1.210
62859 1.210
62860 1.210
62861 1.210
62863 1.210
62864 1.210
62865 1.210
62866 1.210
62867 1.210
62868 1.210
62869 1.210
62871 1.210
62872 1.210
62873 1.210
62874 1.210
62875 1.210
62876 1.210
62877 1.210
62878 1.210
62880 1.210
62881 1.210
62882 1.210
62883 1.210
62884 1.210
62885 1.210
62886 1.210
62887 1.210
62889 1.210
62890 1.210
62891 1.210
62892 1.210
62893 1.210
62894 1.210
62895 1.210
62897 1.210
62898 1.210
62899 1.210
62900 1.210
62901 1.210
62902 1.210
62903 1.210
62904 1.210
62906 1.210
62907 1.210
62908 1.210
62909 1.210
62910 1.210
62911 1.210
62912 1.210
62913 1.210
62915 1.210
62916 1.210
62917 1.210
62918 1.210
62919 1.210
62920 1.210
62921 1.210
62923 1.210
62924 1.210
62925 1.210
62926 1.210
62927 1.210
62928 1.210
62929 1.210
62930 1.210
62932 1.210
62933 1.210
62934 1.210
62935 1.210
62936 1.210
62937 1.210
62938 1.210
62939 1.210
62941 1.210
62942 1.210
62943 1.210
62944 1.210
62945 1.210
62946 1.210
62947 1.210
62949 1.212
62950 1.211
62951 1.212
62952 1.211
62953 1.210
62954 1.211
62955 1.212
62956 1.212
62958 1.212
62959 1.212
62960 1.212
62961 1.212
62962 1.212
62963 1.212
62964 1.212
62965 1.212
62967 1.212
62968 1.212
62969 1.212
62970 1.212
62971 1.212
62972 1.212
62973 1.212
62975 1.212
62976 1.212
62977 1.212
62978 1.212
62979 1.212
62980 1.212
62981 1.212
62982 1.212
62984 1.212
62985 1.212
62986 1.212
62987 1.212
62988 1.212
62989 1.212
62990 1.212
62991 1.212
62993 1.212
62994 1.212
62995 1.212
62996 1.212
62997 1.212
62998 1.212
62999 1.212
63001 1.212
63002 1.212
63003 1.212
63004 1.212
63005 1.212
63006 1.212
63007 1.212
63008 1.212
63010 1.212
63011 1.212
63012 1.212
63013 1.212
63014 1.212
63015 1.212
63016 1.212
63018 1.212
63019 1.212
63020 1.212
63021 1.212
63022 1.212
63023 1.212
63024 1.212
63025 1.212
63027 1.212
63028 1.212
63029 1.212
63030 1.212
63031 1.212
63032 1.212
63033 1.212
63034 1.212
63036 1.212
63037 1.212
63038 1.212
63039 1.212
63040 1.212
63041 1.212
63042 1.212
63044 1.212
63045 1.212
63046 1.212
63047 1.212
63048 1.212
63049 1.212
63050 1.212
63051 1.212
63053 1.212
63054 1.212
63055 1.212
63056 1.212
63057 1.213
63058 1.212
63059 1.212
63060 1.212
63062 1.212
63063 1.212
63064 1.212
63065 1.212
63066 1.212
63067 1.212
63068 1.212
63070 1.212
63071 1.212
63072 1.212
63073 1.212
63074 1.212
63075 1.212
63076 1.212
63077 1.212
63079 1.212
63080 1.212
63081 1.212
63082 1.213
63083 1.213
63084 1.212
63085 1.212
63086 1.212
63088 1.212
63089 1.212
63090 1.212
63091 1.213
63092 1.213
63093 1.213
63094 1.212
63096 1.213
63097 1.213
63098 1.214
63099 1.214
63100 1.213
63101 1.213
63102 1.214
63103 1.213
63105 1.213
63106 1.212
63107 1.214
63108 1.214
63109 1.214
63110 1.214
63111 1.214
63112 1.214
63114 1.214
63115 1.214
63116 1.214
63117 1.214
63118 1.214
63119 1.214
63120 1.214
63122 1.214
63123 1.214
63124 1.214
63125 1.214
63126 1.214
63127 1.214
63128 1.214
63129 1.214
63131 1.214
63132 1.214
63133 1.214
63134 1.214
63135 1.214
63136 1.214
63137 1.214
63138 1.214
63140 1.214
63141 1.214
63142 1.214
63143 1.214
63144 1.214
63145 1.214
63146 1.214
63148 1.214
63149 1.214
63150 1.214
63151 1.214
63152 1.214
63153 1.214
63154 1.214
63155 1.214
63157 1.214
63158 1.214
63159 1.214
63160 1.214
63161 1.214
63162 1.214
63163 1.214
63164 1.214
63166 1.214
63167 1.214
63168 1.214
63169 1.214
63170 1.214
63171 1.214
63172 1.214
63174 1.214
63175 1.214
63176 1.214
63177 1.214
63178 1.214
63179 1.214
63180 1.214
63181 1.214
63183 1.214
63184 1.214
63185 1.214
63186 1.214
63187 1.214
63188 1.214
63189 1.214
63190 1.214
63192 1.214
63193 1.214
63194 1.214
63195 1.214
63196 1.214
63197 1.214
63198 1.214
63200 1.214
63201 1.214
63202 1.214
63203 1.214
63204 1.214
63205 1.214
63206 1.214
63207 1.214
63209 1.214
63210 1.214
63211 1.214
63212 1.214
63213 1.214
63214 1.214
63215 1.214
63217 1.214
63218 1.214
63219 1.214
63220 1.214
63221 1.214
63222 1.214
63223 1.214
63224 1.214
63226 1.214
63227 1.214
63228 1.214
63229 1.214
63230 1.214
63231 1.214
63232 1.214
63233 1.214
63235 1.214
63236 1.214
63237 1.214
63238 1.214
63239 1.214
63240 1.215
63242 1.214
63243 1.214
63244 1.214
63245 1.214
63246 1.215
63247 1.215
63248 1.215
63249 1.214
63251 1.215
63252 1.214
63253 1.214
63254 1.215
63255 1.215
63256 1.215
63257 1.215
63258 1.215
63260 1.215
63261 1.215
63262 1.214
63263 1.214
63264 1.215
63265 1.215
63266 1.215
63268 1.215
63269 1.215
63270 1.215
63271 1.214
63272 1.215
63273 1.215
63274 1.215
63275 1.215
63277 1.215
63278 1.215
63279 1.215
63280 1.215
63281 1.215
63282 1.215
63283 1.215
63284 1.215
63286 1.215
63287 1.215
63288 1.215
63289 1.215
63290 1.215
63291 1.215
63292 1.215
63294 1.215
63295 1.215
63296 1.215
63297 1.215
63298 1.215
63299 1.215
63300 1.215
63301 1.215
63303 1.215
63304 1.215
63305 1.215
63306 1.215
63307 1.215
63308 1.215
63309 1.215
63311 1.215
63312 1.215
63313 1.215
63314 1.215
63315 1.215
63316 1.215
63317 1.215
63318 1.215
63320 1.215
63321 1.215
63322 1.215
63323 1.215
63324 1.215
63325 1.215
63326 1.215
63327 1.215
63329 1.215
63330 1.215
63331 1.215
63332 1.215
63333 1.215
63334 1.215
63335 1.215
63337 1.215
63338 1.215
63339 1.215
63340 1.215
63341 1.215
63342 1.215
63343 1.215
63344 1.215
63346 1.215
63347 1.215
63348 1.215
63349 1.215
63350 1.215
63351 1.215
63352 1.215
63353 1.215
63355 1.215
63356 1.215
63357 1.215
63358 1.215
63359 1.215
63360 1.215
63361 1.215
63363 1.215
63364 1.215
63365 1.215
63366 1.215
63367 1.215
63368 1.215
63369 1.215
63370 1.216
63372 1.216
63373 1.215
63374 1.215
63375 1.216
63376 1.215
63377 1.217
63378 1.216
63379 1.217
63381 1.216
63382 1.217
63383 1.217
63384 1.217
63385 1.216
63386 1.217
63387 1.217
63389 1.217
63390 1.217
63391 1.217
63392 1.217
63393 1.217
63394 1.217
63395 1.217
63396 1.217
63398 1.217
63399 1.217
63400 1.217
63401 1.217
63402 1.217
63403 1.217
63404 1.217
63405 1.217
63407 1.217
63408 1.217
63409 1.217
63410 1.217
63411 1.217
63412 1.217
63413 1.217
63415 1.217
63416 1.217
63417 1.217
63418 1.217
63419 1.217
63420 1.217
63421 1.217
63422 1.217
63424 1.217
63425 1.217
63426 1.217
63427 1.217
63428 1.217
63429 1.217
63430 1.217
63431 1.217
63433 1.217
63434 1.217
63435 1.217
63436 1.217
63437 1.217
63438 1.217
63439 1.217
63441 1.217
63442 1.217
63443 1.217
63444 1.217
63445 1.217
63446 1.217
63447 1.217
63448 1.217
63450 1.217
63451 1.217
63452 1.217
63453 1.217
63454 1.217
63455 1.217
63456 1.217
63457 1.217
63459 1.217
63460 1.217
63461 1.217
63462 1.217
63463 1.217
63464 1.217
63465 1.217
63467 1.217
63468 1.217
63469 1.217
63470 1.217
63471 1.217
63472 1.217
63473 1.217
63474 1.217
63476 1.217
63477 1.217
63478 1.217
63479 1.217
63480 1.217
63481 1.217
63482 1.217
63484 1.217
63485 1.217
63486 1.217
63487 1.217
63488 1.217
63489 1.217
63490 1.217
63491 1.217
63493 1.217
63494 1.217
63495 1.217
63496 1.217
63497 1.217
63498 1.217
63499 1.217
63500 1.217
63502 1.217
63503 1.217
63504 1.217
63505 1.217
63506 1.217
63507 1.217
63508 1.217
63510 1.217
63511 1.217
63512 1.217
63513 1.217
63514 1.217
63515 1.217
63516 1.219
63517 1.217
63519 1.217
63520 1.217
63521 1.217
63522 1.217
63523 1.218
63524 1.217
63525 1.218
63526 1.218
63528 1.218
63529 1.218
63530 1.218
63531 1.218
63532 1.217
63533 1.218
63534 1.218
63536 1.219
63537 1.219
63538 1.219
63539 1.219
63540 1.219
63541 1.219
63542 1.219
63543 1.219
63545 1.219
63546 1.219
63547 1.219
63548 1.219
63549 1.219
63550 1.219
63551 1.219
63552 1.219
63554 1.219
63555 1.219
63556 1.219
63557 1.219
63558 1.219
63559 1.219
63560 1.219
63562 1.219
63563 1.219
63564 1.219
63565 1.218
63566 1.219
63567 1.219
63568 1.219
63569 1.219
63571 1.219
63572 1.219
63573 1.219
63574 1.219
63575 1.219
63576 1.219
63577 1.219
63578 1.219
63580 1.219
63581 1.219
63582 1.219
63583 1.219
63584 1.219
63585 1.219
63586 1.219
63588 1.219
63589 1.219
63590 1.219
63591 1.219
63592 1.219
63593 1.219
63594 1.219
63595 1.219
63597 1.219
63598 1.219
63599 1.219
63600 1.219
63601 1.219
63602 1.219
63603 1.219
63604 1.219
63606 1.219
63607 1.219
63608 1.219
63609 1.219
63610 1.219
63611 1.219
63612 1.219
63614 1.219
63615 1.219
63616 1.219
63617 1.219
63618 1.219
63619 1.219
63620 1.219
63621 1.219
63623 1.219
63624 1.219
63625 1.219
63626 1.219
63627 1.219
63628 1.219
63629 1.219
63630 1.219
63632 1.219
63633 1.219
63634 1.219
63635 1.219
63636 1.219
63637 1.219
63638 1.219
63640 1.219
63641 1.219
63642 1.219
63643 1.219
63644 1.219
63645 1.219
63646 1.219
63647 1.219
63649 1.219
63650 1.219
63651 1.219
63652 1.219
63653 1.219
63654 1.219
63655 1.219
63656 1.219
63658 1.219
63659 1.219
63660 1.219
63661 1.219
63662 1.219
63663 1.219
63664 1.219
63666 1.219
63667 1.219
63668 1.219
63669 1.219
63670 1.219
63671 1.219
63672 1.219
63673 1.219
63675 1.219
63676 1.219
63677 1.219
63678 1.219
63679 1.219
63680 1.219
63681 1.219
63683 1.219
63684 1.219
63685 1.219
63686 1.220
63687 1.219
63688 1.219
63689 1.219
63690 1.219
63692 1.219
63693 1.219
63694 1.219
63695 1.219
63696 1.219
63697 1.219
63698 1.220
63699 1.220
63701 1.220
63702 1.220
63703 1.220
63704 1.220
63705 1.220
63706 1.220
63707 1.219
63709 1.220
63710 1.220
63711 1.220
63712 1.220
63713 1.220
63714 1.220
63715 1.220
63716 1.220
63718 1.220
63719 1.220
63720 1.220
63721 1.220
63722 1.220
63723 1.220
63724 1.220
63725 1.220
63727 1.220
63728 1.220
63729 1.220
63730 1.220
63731 1.220
63732 1.220
63733 1.220
63735 1.220
63736 1.220
63737 1.220
63738 1.220
63739 1.220
63740 1.220
63741 1.220
63742 1.220
63744 1.220
63745 1.220
63746 1.220
63747 1.220
63748 1.220
63749 1.220
63750 1.220
63751 1.220
63753 1.220
63754 1.220
63755 1.220
63756 1.220
63757 1.220
63758 1.220
63759 1.220
63761 1.220
63762 1.220
63763 1.220
63764 1.220
63765 1.220
63766 1.220
63767 1.220
63768 1.220
63770 1.220
63771 1.220
63772 1.220
63773 1.220
63774 1.220
63775 1.220
63776 1.220
63777 1.220
63779 1.220
63780 1.220
63781 1.220
63782 1.220
63783 1.220
63784 1.220
63786 1.220
63787 1.220
63788 1.220
63789 1.220
63790 1.220
63791 1.220
63792 1.220
63793 1.220
63795 1.220
63796 1.220
63797 1.220
63798 1.220
63799 1.220
63800 1.220
63801 1.220
63802 1.220
63804 1.220
63805 1.220
63806 1.220
63807 1.220
63808 1.220
63809 1.220
63810 1.220
63812 1.220
63813 1.220
63814 1.220
63815 1.220
63816 1.220
63817 1.220
63818 1.220
63819 1.220
63821 1.220
63822 1.220
63823 1.220
63824 1.220
63825 1.220
63826 1.220
63827 1.220
63828 1.220
63830 1.220
63831 1.220
63832 1.220
63833 1.220
63834 1.220
63835 1.220
63836 1.220
63838 1.220
63839 1.220
63840 1.220
63841 1.220
63842 1.220
63843 1.220
63844 1.220
63845 1.220
63847 1.220
63848 1.220
63849 1.220
63850 1.220
63851 1.220
63852 1.220
63853 1.220
63854 1.220
63856 1.220
63857 1.220
63858 1.220
63859 1.220
63860 1.220
63861 1.220
63862 1.220
63864 1.220
63865 1.220
63866 1.220
63867 1.220
63868 1.220
63869 1.220
63870 1.220
63871 1.220
63873 1.220
63874 1.221
63875 1.221
63876 1.220
63877 1.221
63878 1.221
63879 1.222
63881 1.221
63882 1.221
63883 1.220
63884 1.220
63885 1.221
63886 1.220
63887 1.221
63888 1.222
63890 1.222
63891 1.221
63892 1.222
63893 1.222
63894 1.220
63895 1.222
63896 1.221
63897 1.222
63899 1.222
63900 1.221
63901 1.222
63902 1.222
63903 1.222
63904 1.222
63905 1.222
63907 1.222
63908 1.222
63909 1.222
63910 1.222
63911 1.222
63912 1.222
63913 1.222
63914 1.222
63916 1.222
63917 1.222
63918 1.222
63919 1.222
63920 1.222
63921 1.222
63922 1.222
63923 1.222
63925 1.222
63926 1.222
63927 1.222
63928 1.222
63929 1.222
63930 1.222
63931 1.222
63933 1.222
63934 1.222
63935 1.222
63936 1.222
63937 1.222
63938 1.222
63939 1.222
63940 1.222
63942 1.222
63943 1.222
63944 1.222
63945 1.222
63946 1.222
63947 1.222
63948 1.222
63949 1.222
63951 1.222
63952 1.222
63953 1.222
63954 1.222
63955 1.222
63956 1.222
63957 1.222
63959 1.222
63960 1.222
63961 1.222
63962 1.222
63963 1.222
63964 1.222
63965 1.222
63966 1.222
63968 1.222
63969 1.222
63970 1.222
63971 1.222
63972 1.222
63973 1.222
63974 1.222
63975 1.222
63977 1.222
63978 1.222
63979 1.222
63980 1.222
63981 1.222
63982 1.222
63983 1.222
63985 1.222
63986 1.222
63987 1.222
63988 1.222
63989 1.222
63990 1.222
63991 1.222
63992 1.222
63994 1.222
63995 1.222
63996 1.222
63997 1.222
63998 1.222
63999 1.222
64000 1.222
64001 1.222
64003 1.222
64004 1.222
64005 1.222
64006 1.222
64007 1.222
64008 1.222
64009 1.222
64011 1.222
64012 1.222
64013 1.222
64014 1.222
64015 1.222
64016 1.222
64017 1.222
64018 1.222
64020 1.222
64021 1.222
64022 1.222
64023 1.223
64024 1.223
64025 1.222
64026 1.223
64027 1.222
64029 1.222
64030 1.222
64031 1.222
64032 1.222
64033 1.222
64034 1.223
64035 1.223
64037 1.223
64038 1.223
64039 1.222
64040 1.222
64041 1.224
64042 1.224
64043 1.224
64044 1.224
64046 1.222
64047 1.224
64048 1.224
64049 1.223
64050 1.224
64051 1.223
64052 1.224
64053 1.223
64055 1.223
64056 1.224
64057 1.224
64058 1.224
64059 1.224
64060 1.224
64061 1.224
64063 1.224
64064 1.224
64065 1.224
64066 1.224
64067 1.224
64068 1.224
64069 1.224
64070 1.224
64072 1.224
64073 1.224
64074 1.224
64075 1.224
64076 1.224
64077 1.224
64078 1.224
64080 1.224
64081 1.224
64082 1.224
64083 1.224
64084 1.224
64085 1.224
64086 1.224
64087 1.224
64089 1.224
64090 1.224
64091 1.224
64092 1.224
64093 1.224
64094 1.224
64095 1.224
64096 1.224
64098 1.224
64099 1.224
64100 1.224
64101 1.224
64102 1.224
64103 1.224
64104 1.224
64106 1.224
64107 1.224
64108 1.224
64109 1.224
64110 1.224
64111 1.224
64112 1.224
64113 1.224
64115 1.224
64116 1.224
64117 1.224
64118 1.224
64119 1.224
64120 1.224
64121 1.224
64122 1.224
64124 1.224
64125 1.224
64126 1.224
64127 1.224
64128 1.224
64129 1.224
64130 1.224
64132 1.224
64133 1.224
64134 1.224
64135 1.224
64136 1.224
64137 1.224
64138 1.224
64139 1.224
64141 1.224
64142 1.224
64143 1.224
64144 1.224
64145 1.224
64146 1.224
64147 1.224
64148 1.224
64150 1.224
64151 1.224
64152 1.224
64153 1.224
64154 1.224
64155 1.224
64156 1.224
64158 1.224
64159 1.224
64160 1.224
64161 1.224
64162 1.224
64163 1.224
64164 1.224
64165 1.224
64167 1.224
64168 1.224
64169 1.224
64170 1.224
64171 1.224
64172 1.224
64173 1.224
64174 1.224
64176 1.224
64177 1.224
64178 1.224
64179 1.224
64180 1.224
64181 1.224
64182 1.224
64184 1.224
64185 1.224
64186 1.224
64187 1.224
64188 1.224
64189 1.224
64190 1.224
64191 1.224
64193 1.224
64194 1.224
64195 1.224
64196 1.224
64197 1.224
64198 1.224
64199 1.224
64201 1.224
64202 1.224
64203 1.224
64204 1.224
64205 1.224
64206 1.224
64207 1.224
64208 1.224
64210 1.224
64211 1.224
64212 1.224
64213 1.224
64214 1.224
64215 1.225
64216 1.224
64217 1.224
64219 1.224
64220 1.224
64221 1.224
64222 1.225
64223 1.224
64224 1.224
64225 1.224
64227 1.224
64228 1.224
64229 1.224
64230 1.224
64231 1.225
64232 1.225
64233 1.224
64234 1.224
64236 1.224
64237 1.225
64238 1.225
64239 1.225
64240 1.225
64241 1.225
64242 1.225
64243 1.225
64245 1.225
64246 1.225
64247 1.225
64248 1.225
64249 1.225
64250 1.225
64251 1.225
64253 1.225
64254 1.225
64255 1.225
64256 1.225
64257 1.225
64258 1.225
64259 1.225
64260 1.225
64262 1.225
64263 1.225
64264 1.225
64265 1.225
64266 1.225
64267 1.225
64268 1.225
64269 1.225
64271 1.225
64272 1.225
64273 1.225
64274 1.225
64275 1.225
64276 1.225
64277 1.225
64279 1.225
64280 1.225
64281 1.225
64282 1.225
64283 1.225
64284 1.225
64285 1.225
64286 1.225
64288 1.225
64289 1.225
64290 1.225
64291 1.225
64292 1.225
64293 1.225
64294 1.225
64295 1.225
64297 1.225
64298 1.225
64299 1.225
64300 1.225
64301 1.225
64302 1.225
64303 1.225
64305 1.225
64306 1.225
64307 1.225
64308 1.225
64309 1.225
64310 1.225
64311 1.225
64312 1.225
64314 1.225
64315 1.225
64316 1.225
64317 1.225
64318 1.225
64319 1.225
64320 1.225
64321 1.225
64323 1.225
64324 1.225
64325 1.225
64326 1.225
64327 1.225
64328 1.225
64330 1.225
64331 1.225
64332 1.225
64333 1.225
64334 1.225
64335 1.225
64336 1.225
64337 1.225
64339 1.225
64340 1.225
64341 1.225
64342 1.225
64343 1.225
64344 1.225
64345 1.225
64347 1.225
64348 1.225
64349 1.225
64350 1.225
64351 1.225
64352 1.225
64353 1.225
64354 1.225
64356 1.225
64357 1.225
64358 1.225
64359 1.225
64360 1.225
64361 1.225
64362 1.225
64363 1.225
64365 1.225
64366 1.225
64367 1.225
64368 1.225
64369 1.225
64370 1.225
64371 1.225
64373 1.225
64374 1.225
64375 1.225
64376 1.225
64377 1.225
64378 1.225
64379 1.225
64380 1.225
64382 1.225
64383 1.225
64384 1.225
64385 1.225
64386 1.225
64387 1.225
64388 1.225
64389 1.225
64391 1.225
64392 1.225
64393 1.225
64394 1.225
64395 1.225
64396 1.225
64397 1.225
64399 1.225
64400 1.225
64401 1.225
64402 1.225
64403 1.226
64404 1.226
64405 1.225
64406 1.225
64408 1.225
64409 1.227
64410 1.227
64411 1.226
64412 1.226
64413 1.226
64414 1.227
64415 1.226
64417 1.227
64418 1.227
64419 1.227
64420 1.227
64421 1.226
64422 1.227
64423 1.227
64425 1.227
64426 1.226
64427 1.227
64428 1.227
64429 1.227
64430 1.227
64431 1.227
64432 1.227
64434 1.227
64435 1.227
64436 1.227
64437 1.227
64438 1.227
64439 1.227
64440 1.227
64441 1.227
64443 1.227
64444 1.227
64445 1.227
64446 1.227
64447 1.227
64448 1.227
64449 1.227
64451 1.227
64452 1.227
64453 1.227
64454 1.227
64455 1.227
64456 1.227
64457 1.227
64458 1.227
64460 1.227
64461 1.227
64462 1.227
64463 1.227
64464 1.227
64465 1.227
64466 1.227
64467 1.227
64469 1.227
64470 1.227
64471 1.227
64472 1.227
64473 1.227
64474 1.227
64475 1.227
64477 1.227
64478 1.227
64479 1.227
64480 1.227
64481 1.227
64482 1.227
64483 1.227
64484 1.227
64486 1.227
64487 1.227
64488 1.227
64489 1.227
64490 1.227
64491 1.227
64492 1.227
64493 1.227
64495 1.227
64496 1.227
64497 1.227
64498 1.227
64499 1.227
64500 1.227
64501 1.227
64503 1.227
64504 1.227
64505 1.227
64506 1.227
64507 1.227
64508 1.227
64509 1.227
64510 1.227
64512 1.227
64513 1.227
64514 1.227
64515 1.227
64516 1.227
64517 1.227
64518 1.227
64520 1.227
64521 1.227
64522 1.227
64523 1.227
64524 1.227
64525 1.227
64526 1.227
64527 1.227
64529 1.227
64530 1.227
64531 1.227
64532 1.227
64533 1.227
64534 1.227
64535 1.227
64536 1.227
64538 1.227
64539 1.227
64540 1.227
64541 1.227
64542 1.227
64543 1.227
64544 1.227
64546 1.227
64547 1.227
64548 1.227
64549 1.227
64550 1.227
64551 1.227
64552 1.227
64553 1.227
64555 1.227
64556 1.227
64557 1.227
64558 1.227
64559 1.227
64560 1.227
64561 1.227
64562 1.227
64564 1.227
64565 1.227
64566 1.227
64567 1.227
64568 1.227
64569 1.227
64570 1.227
64572 1.227
64573 1.227
64574 1.227
64575 1.227
64576 1.227
64577 1.227
64578 1.227
64579 1.227
64581 1.227
64582 1.227
64583 1.227
64584 1.227
64585 1.227
64586 1.227
64587 1.228
64588 1.227
64590 1.227
64591 1.227
64592 1.227
64593 1.227
64594 1.227
64595 1.227
64596 1.227
64598 1.228
64599 1.229
64600 1.227
64601 1.227
64602 1.227
64603 1.229
64604 1.228
64605 1.228
64607 1.227
64608 1.227
64609 1.228
64610 1.227
64611 1.228
64612 1.228
64613 1.227
64614 1.228
64616 1.229
64617 1.228
64618 1.228
64619 1.229
64620 1.229
64621 1.229
64622 1.229
64624 1.228
64625 1.228
64626 1.229
64627 1.229
64628 1.229
64629 1.229
64630 1.229
64631 1.229
64633 1.229
64634 1.229
64635 1.229
64636 1.229
64637 1.229
64638 1.229
64639 1.228
64640 1.229
64642 1.229
64643 1.229
64644 1.229
64645 1.229
64646 1.229
64647 1.229
64648 1.229
64650 1.229
64651 1.229
64652 1.229
64653 1.229
64654 1.229
64655 1.229
64656 1.229
64657 1.229
64659 1.229
64660 1.229
64661 1.229
64662 1.229
64663 1.229
64664 1.229
64665 1.229
64666 1.229
64668 1.229
64669 1.229
64670 1.229
64671 1.229
64672 1.229
64673 1.229
64674 1.229
64676 1.229
64677 1.229
64678 1.229
64679 1.229
64680 1.229
64681 1.229
64682 1.229
64683 1.229
64685 1.229
64686 1.229
64687 1.229
64688 1.229
64689 1.229
64690 1.229
64691 1.229
64693 1.229
64694 1.229
64695 1.229
64696 1.229
64697 1.229
64698 1.229
64699 1.229
64700 1.229
64702 1.229
64703 1.229
64704 1.229
64705 1.229
64706 1.229
64707 1.229
64708 1.229
64709 1.229
64711 1.229
64712 1.229
64713 1.229
64714 1.229
64715 1.229
64716 1.229
64717 1.229
64719 1.229
64720 1.229
64721 1.229
64722 1.229
64723 1.229
64724 1.229
64725 1.229
64726 1.229
64728 1.229
64729 1.229
64730 1.229
64731 1.229
64732 1.229
64733 1.229
64734 1.229
64735 1.229
64737 1.229
64738 1.229
64739 1.229
64740 1.229
64741 1.229
64742 1.229
64743 1.229
64745 1.229
64746 1.229
64747 1.229
64748 1.229
64749 1.229
64750 1.229
64751 1.229
64752 1.229
64754 1.229
64755 1.229
64756 1.229
64757 1.229
64758 1.229
64759 1.229
64760 1.229
64761 1.229
64763 1.229
64764 1.229
64765 1.229
64766 1.229
64767 1.229
64768 1.229
64769 1.229
64771 1.229
64772 1.229
64773 1.229
64774 1.229
64775 1.229
64776 1.229
64777 1.229
64778 1.229
64780 1.229
64781 1.229
64782 1.229
64783 1.229
64784 1.229
64785 1.229
64786 1.229
64787 1.229
64789 1.229
64790 1.229
64791 1.229
64792 1.229
64793 1.229
64794 1.229
64795 1.229
64797 1.229
64798 1.229
64799 1.229
64800 1.229
64801 1.229
64802 1.229
64803 1.230
64804 1.229
64806 1.229
64807 1.229
64808 1.229
64809 1.229
64810 1.230
64811 1.229
64812 1.229
64813 1.230
64815 1.229
64816 1.229
64817 1.229
64818 1.229
64819 1.229
64820 1.230
64821 1.229
64823 1.229
64824 1.230
64825 1.229
64826 1.230
64827 1.230
64828 1.230
64829 1.230
64830 1.230
64832 1.230
64833 1.230
64834 1.230
64835 1.230
64836 1.230
64837 1.230
64838 1.230
64840 1.230
64841 1.230
64842 1.230
64843 1.229
64844 1.230
64845 1.230
64846 1.230
64847 1.230
64849 1.230
64850 1.230
64851 1.230
64852 1.230
64853 1.230
64854 1.230
64855 1.230
64856 1.230
64858 1.230
64859 1.230
64860 1.230
64861 1.230
64862 1.230
64863 1.230
64864 1.230
64866 1.230
64867 1.230
64868 1.230
64869 1.230
64870 1.230
64871 1.230
64872 1.230
64873 1.230
64875 1.230
64876 1.230
64877 1.230
64878 1.230
64879 1.230
64880 1.230
64881 1.230
64883 1.230
64884 1.230
64885 1.230
64886 1.230
64887 1.230
64888 1.230
64889 1.230
64891 1.230
64892 1.230
64893 1.230
64894 1.230
64895 1.230
64896 1.230
64897 1.230
64898 1.230
64900 1.230
64901 1.230
64902 1.230
64903 1.230
64904 1.230
64905 1.230
64906 1.230
64907 1.230
64909 1.230
64910 1.230
64911 1.230
64912 1.230
64913 1.230
64914 1.230
64915 1.230
64917 1.230
64918 1.230
64919 1.230
64920 1.230
64921 1.230
64922 1.230
64923 1.230
64924 1.230
64926 1.230
64927 1.230
64928 1.230
64929 1.230
64930 1.230
64931 1.230
64932 1.230
64933 1.230
64935 1.230
64936 1.230
64937 1.230
64938 1.230
64939 1.230
64940 1.230
64941 1.230
64943 1.230
64944 1.230
64945 1.230
64946 1.230
64947 1.230
64948 1.230
64949 1.230
64950 1.230
64952 1.230
64953 1.230
64954 1.230
64955 1.230
64956 1.230
64957 1.230
64958 1.230
64959 1.230
64961 1.230
64962 1.230
64963 1.230
64964 1.230
64965 1.230
64966 1.230
64967 1.230
64969 1.230
64970 1.230
64971 1.230
64972 1.230
64973 1.230
64974 1.230
64975 1.230
64976 1.230
64978 1.230
64979 1.230
64980 1.230
64981 1.230
64982 1.230
64983 1.230
64984 1.230
64986 1.230
64987 1.230
64988 1.230
64989 1.230
64990 1.230
64991 1.230
64992 1.230
64993 1.230
64995 1.230
64996 1.230
64997 1.230
64998 1.230
64999 1.230
65000 1.230
65001 1.230
65002 1.230
65004 1.230
65005 1.230
65006 1.230
65007 1.230
65008 1.230
65009 1.230
65010 1.230
65012 1.230
65013 1.230
65014 1.230
65015 1.230
65016 1.230
65017 1.230
65018 1.230
65019 1.230
65021 1.230
65022 1.230
65023 1.230
65024 1.230
65025 1.230
65026 1.230
65027 1.230
65028 1.231
65030 1.230
65031 1.230
65032 1.230
65033 1.230
65034 1.231
65035 1.230
65036 1.231
65038 1.230
65039 1.230
65040 1.230
65041 1.231
65042 1.230
65043 1.231
65044 1.230
65045 1.232
65047 1.231
65048 1.231
65049 1.232
65050 1.230
65051 1.232
65052 1.231
65053 1.231
65054 1.231
65056 1.232
65057 1.231
65058 1.230
65059 1.231
65060 1.231
65061 1.231
65062 1.231
65064 1.232
65065 1.232
65066 1.232
65067 1.231
65068 1.232
65069 1.232
65070 1.232
65071 1.232
65073 1.232
65074 1.232
65075 1.232
65076 1.232
65077 1.232
65078 1.232
65079 1.232
65080 1.232
65082 1.232
65083 1.232
65084 1.232
65085 1.232
65086 1.232
65087 1.232
65088 1.232
65090 1.232
65091 1.232
65092 1.232
65093 1.232
65094 1.232
65095 1.232
65096 1.232
65097 1.232
65099 1.232
65100 1.232
65101 1.232
65102 1.232
65103 1.232
65104 1.232
65105 1.232
65106 1.232
65108 1.232
65109 1.232
65110 1.232
65111 1.232
65112 1.232
65113 1.232
65114 1.232
65116 1.232
65117 1.232
65118 1.232
65119 1.232
65120 1.232
65121 1.232
65122 1.232
65123 1.232
65125 1.232
65126 1.232
65127 1.232
65128 1.232
65129 1.232
65130 1.232
65131 1.232
65132 1.232
65134 1.232
65135 1.232
65136 1.232
65137 1.232
65138 1.232
65139 1.232
65140 1.232
65142 1.232
65143 1.232
65144 1.232
65145 1.232
65146 1.232
65147 1.232
65148 1.232
65149 1.232
65151 1.232
65152 1.232
65153 1.232
65154 1.232
65155 1.232
65156 1.232
65157 1.232
65159 1.232
65160 1.232
65161 1.232
65162 1.232
65163 1.232
65164 1.232
65165 1.232
65166 1.232
65168 1.232
65169 1.232
65170 1.232
65171 1.232
65172 1.232
65173 1.232
65174 1.232
65175 1.232
65177 1.232
65178 1.232
65179 1.232
65180 1.232
65181 1.232
65182 1.232
65183 1.232
65185 1.232
65186 1.232
65187 1.232
65188 1.232
65189 1.232
65190 1.232
65191 1.232
65192 1.232
65194 1.232
65195 1.232
65196 1.232
65197 1.232
65198 1.232
65199 1.232
65200 1.232
65201 1.232
65203 1.232
65204 1.232
65205 1.232
65206 1.232
65207 1.232
65208 1.232
65209 1.232
65211 1.232
65212 1.232
65213 1.232
65214 1.232
65215 1.232
65216 1.232
65217 1.232
65218 1.232
65220 1.232
65221 1.232
65222 1.232
65223 1.232
65224 1.232
65225 1.232
65226 1.232
65227 1.232
65229 1.232
65230 1.232
65231 1.232
65232 1.232
65233 1.232
65234 1.232
65235 1.232
65237 1.232
65238 1.232
65239 1.232
65240 1.233
65241 1.232
65242 1.233
65243 1.232
65244 1.232
65246 1.232
65247 1.232
65248 1.233
65249 1.232
65250 1.232
65251 1.233
65252 1.233
65253 1.232
65255 1.232
65256 1.233
65257 1.232
65258 1.232
65259 1.233
65260 1.232
65261 1.232
65263 1.233
65264 1.233
65265 1.233
65266 1.233
65267 1.233
65268 1.233
65269 1.233
65270 1.232
65272 1.232
65273 1.233
65274 1.233
65275 1.232
65276 1.233
65277 1.233
65278 1.233
65279 1.233
65281 1.233
65282 1.233
65283 1.233
65284 1.233
65285 1.233
65286 1.233
65287 1.233
65289 1.233
65290 1.233
65291 1.233
65292 1.233
65293 1.233
65294 1.233
65295 1.233
65296 1.233
65298 1.233
65299 1.233
65300 1.233
65301 1.233
65302 1.233
65303 1.233
65304 1.233
65305 1.233
65307 1.233
65308 1.233
65309 1.233
65310 1.233
65311 1.233
65312 1.233
65313 1.233
65315 1.233
65316 1.233
65317 1.233
65318 1.233
65319 1.233
65320 1.233
65321 1.233
65322 1.233
65324 1.233
65325 1.233
65326 1.233
65327 1.233
65328 1.233
65329 1.233
65330 1.233
65332 1.233
65333 1.233
65334 1.233
65335 1.233
65336 1.233
65337 1.233
65338 1.233
65339 1.233
65341 1.233
65342 1.233
65343 1.233
65344 1.233
65345 1.233
65346 1.233
65347 1.233
65348 1.233
65350 1.233
65351 1.233
65352 1.233
65353 1.233
65354 1.233
65355 1.233
65356 1.233
65358 1.233
65359 1.233
65360 1.233
65361 1.233
65362 1.233
65363 1.233
65364 1.233
65365 1.233
65367 1.233
65368 1.233
65369 1.233
65370 1.233
65371 1.233
65372 1.233
65373 1.233
65374 1.233
65376 1.233
65377 1.233
65378 1.233
65379 1.233
65380 1.233
65381 1.233
65382 1.233
65384 1.233
65385 1.233
65386 1.233
65387 1.233
65388 1.233
65389 1.233
65390 1.233
65391 1.233
65393 1.233
65394 1.233
65395 1.233
65396 1.233
65397 1.233
65398 1.233
65399 1.233
65400 1.233
65402 1.233
65403 1.233
65404 1.233
65405 1.233
65406 1.233
65407 1.233
65408 1.233
65410 1.233
65411 1.233
65412 1.233
65413 1.233
65414 1.233
65415 1.233
65416 1.233
65417 1.233
65419 1.233
65420 1.233
65421 1.233
65422 1.233
65423 1.233
65424 1.233
65426 1.233
65427 1.233
65428 1.233
65429 1.233
65430 1.233
65431 1.233
65432 1.233
65433 1.233
65435 1.233
65436 1.233
65437 1.233
65438 1.233
65439 1.233
65440 1.233
65441 1.233
65442 1.233
65444 1.233
65445 1.233
65446 1.233
65447 1.233
65448 1.233
65449 1.233
65450 1.233
65452 1.233
65453 1.233
65454 1.233
65455 1.233
65456 1.233
65457 1.233
65458 1.233
65459 1.233
65461 1.233
65462 1.233
65463 1.233
65464 1.233
65465 1.233
65466 1.233
65467 1.233
65468 1.233
65470 1.233
65471 1.233
65472 1.233
65473 1.233
65474 1.233
65475 1.233
65476 1.233
65478 1.233
65479 1.233
65480 1.233
65481 1.233
65482 1.233
65483 1.233
65484 1.233
65485 1.233
65487 1.233
65488 1.233
65489 1.233
65490 1.233
65491 1.233
65492 1.233
65493 1.233
65494 1.233
65496 1.233
65497 1.233
65498 1.233
65499 1.233
65500 1.233
65501 1.233
65502 1.233
65504 1.233
65505 1.233
65506 1.233
65507 1.233
65508 1.233
65509 1.233
65510 1.233
65511 1.234
65513 1.233
65514 1.233
65515 1.234
65516 1.234
65517 1.233
65518 1.234
65519 1.234
