# Este conjunto de dados, denominado CargaPilhasAA, é composto por vários arquivos com dados de descarga e de recuperação de pilhas AA de diversos fabricantes. Estes dados são distribuídos sob licença Creative Commons Attribution 4.0 (CC-BY). <http://creativecommons.org/licenses/by/4.0/>
# This dataset, named CargaPilhasAA, is composed of several files with discharge and recovery of AA batteries from several manufacturers. This dataset is licensed under a Creative Commons Attribution 4.0 International License (CC-BY). <http://creativecommons.org/licenses/by/4.0/>
# Galileu H. Oliveira, Rio de Janeiro, Brasil. Jan/2023.
# Fabricante: ALFACELL
# Tipo: comum
# Exemplar: 2
# Processo: descarga
# Corrente: 50 mA
# tempo (segundos)  tensão (volts)
Time A2
0 1.649
2 1.610
3 1.575
4 1.577
5 1.577
6 1.577
7 1.577
8 1.578
9 1.577
11 1.577
12 1.577
13 1.577
14 1.577
15 1.577
16 1.577
17 1.577
18 1.577
20 1.577
21 1.576
22 1.576
23 1.575
24 1.575
25 1.575
26 1.575
27 1.575
29 1.575
30 1.575
31 1.575
32 1.574
34 1.574
36 1.574
39 1.574
41 1.573
43 1.573
45 1.572
48 1.572
50 1.572
52 1.572
54 1.571
56 1.571
59 1.571
61 1.571
63 1.570
65 1.569
68 1.569
70 1.569
72 1.569
74 1.568
77 1.567
79 1.567
81 1.567
83 1.567
85 1.567
88 1.566
90 1.566
92 1.566
94 1.566
99 1.566
103 1.564
108 1.564
112 1.564
117 1.562
121 1.562
125 1.562
130 1.561
134 1.561
139 1.561
143 1.559
148 1.559
152 1.559
157 1.557
165 1.557
174 1.556
183 1.555
192 1.554
201 1.553
210 1.552
219 1.551
236 1.550
254 1.548
272 1.546
289 1.544
325 1.542
360 1.538
431 1.534
531 1.527
630 1.519
730 1.512
829 1.505
929 1.499
1028 1.494
1128 1.488
1227 1.484
1327 1.479
1427 1.474
1526 1.470
1626 1.466
1725 1.462
1825 1.459
1924 1.456
2024 1.452
2123 1.449
2223 1.446
2322 1.443
2422 1.440
2522 1.438
2621 1.435
2721 1.433
2820 1.430
2920 1.428
3019 1.425
3119 1.423
3218 1.421
3318 1.419
3418 1.417
3517 1.415
3617 1.413
3716 1.411
3816 1.409
3915 1.407
4015 1.405
4114 1.403
4214 1.401
4313 1.399
4413 1.397
4513 1.396
4612 1.394
4712 1.392
4811 1.390
4911 1.389
5010 1.387
5110 1.385
5209 1.384
5309 1.382
5408 1.380
5508 1.378
5608 1.377
5707 1.375
5807 1.373
5906 1.372
6006 1.370
6105 1.369
6205 1.367
6304 1.366
6404 1.365
6504 1.363
6603 1.361
6703 1.360
6802 1.359
6902 1.358
7001 1.357
7101 1.356
7200 1.355
7300 1.355
7399 1.354
7499 1.353
7599 1.353
7698 1.352
7798 1.351
7897 1.351
7997 1.350
8096 1.350
8196 1.350
8295 1.348
8395 1.348
8494 1.348
8594 1.346
8694 1.346
8793 1.345
8893 1.345
8992 1.345
9092 1.343
9191 1.343
9291 1.343
9390 1.341
9490 1.341
9589 1.340
9689 1.340
9789 1.338
9888 1.338
9988 1.337
10087 1.336
10187 1.336
10286 1.335
10386 1.334
10485 1.333
10585 1.333
10685 1.332
10784 1.331
10884 1.330
10983 1.330
11083 1.328
11182 1.328
11282 1.328
11381 1.327
11481 1.326
11580 1.325
11680 1.325
11780 1.325
11879 1.323
11979 1.323
12078 1.323
12178 1.322
12277 1.321
12377 1.321
12476 1.320
12576 1.320
12676 1.319
12775 1.318
12875 1.318
12974 1.317
13074 1.317
13173 1.317
13273 1.315
13372 1.315
13472 1.315
13572 1.314
13671 1.313
13771 1.313
13870 1.312
13970 1.312
14069 1.312
14169 1.311
14268 1.310
14368 1.310
14467 1.309
14567 1.308
14667 1.308
14766 1.307
14866 1.307
14965 1.307
15065 1.306
15164 1.305
15264 1.305
15363 1.304
15463 1.303
15563 1.303
15662 1.303
15762 1.302
15861 1.302
15961 1.302
16060 1.301
16160 1.300
16259 1.300
16359 1.299
16458 1.298
16558 1.298
16658 1.298
16757 1.297
16857 1.297
16956 1.297
17056 1.296
17155 1.295
17255 1.295
17354 1.295
17454 1.293
17554 1.293
17653 1.293
17753 1.292
17852 1.292
17952 1.292
18051 1.291
18151 1.290
18250 1.290
18350 1.289
18450 1.288
18549 1.288
18649 1.288
18748 1.288
18848 1.287
18947 1.287
19047 1.287
19146 1.286
19246 1.285
19345 1.285
19445 1.285
19545 1.284
19644 1.283
19744 1.283
19843 1.283
19943 1.282
20042 1.282
20142 1.282
20241 1.281
20341 1.280
20441 1.280
20540 1.280
20640 1.279
20739 1.278
20839 1.278
20938 1.278
21038 1.277
21137 1.277
21237 1.277
21336 1.276
21436 1.275
21536 1.275
21635 1.273
21735 1.273
21834 1.273
21934 1.273
22033 1.272
22133 1.272
22232 1.272
22332 1.271
22431 1.270
22531 1.270
22631 1.270
22730 1.269
22830 1.268
22929 1.268
23029 1.268
23128 1.267
23228 1.267
23327 1.267
23427 1.266
23527 1.265
23626 1.265
23726 1.263
23825 1.263
23925 1.263
24024 1.263
24124 1.262
24223 1.262
24323 1.262
24422 1.261
24522 1.260
24622 1.260
24721 1.258
24821 1.258
24920 1.257
25020 1.257
25119 1.257
25219 1.257
25318 1.255
25418 1.255
25518 1.255
25617 1.254
25717 1.253
25816 1.253
25916 1.252
26015 1.252
26115 1.251
26215 1.250
26314 1.250
26414 1.249
26513 1.248
26613 1.248
26712 1.248
26812 1.247
26911 1.247
27011 1.247
27111 1.246
27210 1.245
27310 1.245
27409 1.245
27509 1.245
27608 1.244
27708 1.243
27807 1.243
27907 1.243
28007 1.242
28106 1.242
28206 1.242
28305 1.241
28405 1.240
28504 1.240
28604 1.240
28703 1.239
28803 1.238
28902 1.238
29002 1.237
29102 1.237
29201 1.237
29301 1.236
29400 1.235
29500 1.235
29599 1.234
29699 1.233
29798 1.233
29898 1.233
29998 1.232
30097 1.232
30197 1.232
30296 1.231
30396 1.230
30495 1.230
30595 1.230
30694 1.229
30794 1.229
30893 1.228
30993 1.227
31093 1.227
31192 1.227
31292 1.226
31391 1.225
31491 1.225
31590 1.224
31690 1.224
31789 1.224
31889 1.223
31989 1.222
32088 1.222
32188 1.221
32287 1.220
32387 1.220
32486 1.220
32586 1.219
32685 1.219
32785 1.218
32884 1.217
32984 1.217
33084 1.216
33183 1.215
33283 1.215
33382 1.214
33482 1.214
33581 1.214
33681 1.212
33780 1.212
33880 1.212
33980 1.210
34079 1.210
34179 1.209
34278 1.209
34378 1.209
34477 1.207
34577 1.207
34676 1.206
34776 1.205
34875 1.204
34975 1.203
35075 1.202
35174 1.202
35274 1.201
35373 1.200
35473 1.200
35572 1.199
35672 1.199
35771 1.199
35871 1.197
35971 1.197
36070 1.196
36170 1.195
36269 1.195
36369 1.194
36468 1.194
36568 1.193
36667 1.192
36767 1.192
36866 1.190
36966 1.190
37066 1.189
37165 1.189
37265 1.188
37364 1.187
37464 1.187
37563 1.185
37663 1.185
37762 1.184
37862 1.184
37961 1.182
38061 1.182
38161 1.181
38260 1.180
38360 1.179
38459 1.179
38559 1.178
38658 1.177
38758 1.176
38857 1.175
38957 1.174
39057 1.174
39156 1.173
39256 1.172
39355 1.171
39455 1.170
39554 1.169
39654 1.169
39753 1.167
39853 1.167
39952 1.166
40052 1.165
40152 1.164
40251 1.164
40351 1.162
40450 1.162
40550 1.160
40649 1.160
40749 1.159
40848 1.158
40948 1.157
41048 1.156
41147 1.155
41247 1.154
41346 1.153
41446 1.152
41545 1.151
41645 1.150
41744 1.149
41844 1.149
41943 1.147
42043 1.146
42143 1.146
42242 1.144
42342 1.144
42441 1.142
42541 1.141
42640 1.141
42740 1.139
42839 1.139
42939 1.137
42940 1.137
42941 1.137
42942 1.137
42944 1.137
42945 1.137
42946 1.137
42947 1.137
42948 1.137
42949 1.137
42950 1.137
42951 1.137
42953 1.137
42954 1.137
42955 1.137
42956 1.137
42957 1.137
42958 1.137
42959 1.137
42960 1.137
42962 1.137
42963 1.137
42964 1.137
42965 1.137
42966 1.137
42967 1.137
42968 1.137
42969 1.137
42971 1.137
42972 1.137
42973 1.136
42974 1.137
42975 1.137
42976 1.137
42977 1.137
42978 1.137
42980 1.137
42981 1.136
42982 1.136
42983 1.137
42984 1.137
42985 1.136
42986 1.136
42987 1.137
42989 1.137
42990 1.136
42991 1.136
42992 1.136
42993 1.136
42994 1.136
42995 1.136
42997 1.136
42998 1.136
42999 1.136
43000 1.136
43002 1.136
43004 1.136
43007 1.136
43009 1.136
43011 1.136
43013 1.136
43016 1.136
43018 1.136
43020 1.136
43022 1.136
43024 1.136
43027 1.136
43029 1.136
43031 1.136
43033 1.136
43036 1.136
43038 1.136
43040 1.136
43042 1.136
43045 1.136
43047 1.136
43049 1.136
43051 1.136
43053 1.136
43056 1.136
43058 1.136
43060 1.136
43062 1.136
43067 1.136
43071 1.136
43076 1.136
43080 1.136
43085 1.136
43089 1.136
43094 1.136
43098 1.136
43102 1.136
43107 1.136
43111 1.136
43116 1.136
43120 1.136
43125 1.136
43134 1.136
43142 1.135
43151 1.135
43160 1.135
43169 1.134
43178 1.134
43187 1.134
43204 1.134
43222 1.134
43240 1.134
43258 1.134
43293 1.134
43328 1.133
43399 1.132
43499 1.132
43598 1.131
43698 1.129
43797 1.128
43897 1.127
43997 1.126
44096 1.125
44196 1.124
44295 1.123
44395 1.122
44494 1.121
44594 1.119
44693 1.118
44793 1.117
44893 1.116
44992 1.115
45092 1.114
45191 1.112
45291 1.111
45390 1.110
45490 1.109
45589 1.107
45689 1.106
45789 1.105
45888 1.104
45988 1.102
46087 1.101
46187 1.100
46286 1.099
46386 1.097
46485 1.096
46585 1.094
46684 1.092
46784 1.090
46884 1.089
46983 1.087
47083 1.086
47182 1.085
47282 1.084
47381 1.082
47481 1.081
47580 1.079
47680 1.078
47780 1.077
47879 1.075
47979 1.074
48078 1.072
48178 1.071
48277 1.069
48377 1.068
48476 1.066
48576 1.064
48676 1.063
48775 1.061
48875 1.059
48974 1.057
49074 1.055
49173 1.054
49273 1.052
49372 1.050
49472 1.048
49571 1.047
49671 1.045
49771 1.043
49870 1.041
49970 1.039
50069 1.037
50169 1.035
50268 1.032
50368 1.030
50467 1.028
50567 1.026
50667 1.024
50766 1.022
50866 1.019
50965 1.017
51065 1.014
51164 1.012
51264 1.009
51363 1.007
51463 1.004
51562 1.001
51662 0.998
51762 0.995
51861 0.992
51961 0.989
52060 0.986
52160 0.983
52259 0.980
52359 0.976
52458 0.973
52558 0.969
52658 0.965
52757 0.961
52857 0.957
52956 0.953
53056 0.949
53155 0.944
53255 0.939
53354 0.934
53454 0.929
53553 0.923
53653 0.917
53753 0.910
53852 0.904
53952 0.896
54051 0.888
54151 0.879
54250 0.870
54350 0.861
54449 0.850
54549 0.839
54649 0.828
54748 0.817
54848 0.806
54947 0.794
55047 0.782
55146 0.771
55246 0.759
55345 0.746
55445 0.734
55544 0.722
55644 0.711
55744 0.700
55843 0.690
