# Este conjunto de dados, denominado CargaPilhasAA, é composto por vários arquivos com dados de descarga e de recuperação de pilhas AA de diversos fabricantes. Estes dados são distribuídos sob licença Creative Commons Attribution 4.0 (CC-BY). <http://creativecommons.org/licenses/by/4.0/>
# This dataset, named CargaPilhasAA, is composed of several files with discharge and recovery of AA batteries from several manufacturers. This dataset is licensed under a Creative Commons Attribution 4.0 International License (CC-BY). <http://creativecommons.org/licenses/by/4.0/>
# Galileu H. Oliveira, Rio de Janeiro, Brasil. Jan/2023.
# Fabricante: ALFACELL
# Tipo: comum
# Exemplar: 2
# Processo: recuperação
# Corrente: 0 mA
# tempo (segundos)  tensão (volts)
Time  A2
55843 0.690
55844 0.772
55845 0.784
55846 0.794
55848 0.804
55849 0.812
55850 0.820
55851 0.827
55852 0.835
55853 0.842
55854 0.848
55855 0.855
55857 0.860
55858 0.866
55859 0.872
55860 0.877
55861 0.882
55862 0.887
55863 0.891
55865 0.896
55866 0.901
55867 0.904
55868 0.909
55869 0.912
55870 0.916
55871 0.921
55872 0.924
55874 0.927
55875 0.931
55876 0.934
55877 0.937
55878 0.940
55879 0.944
55880 0.947
55881 0.950
55883 0.952
55884 0.955
55885 0.958
55886 0.960
55887 0.963
55888 0.965
55889 0.968
55890 0.970
55892 0.972
55893 0.975
55894 0.977
55895 0.979
55896 0.981
55897 0.984
55898 0.985
55899 0.987
55901 0.989
55902 0.991
55903 0.993
55904 0.994
55906 0.997
55908 1.000
55911 1.004
55913 1.006
55915 1.009
55917 1.012
55920 1.014
55922 1.017
55924 1.019
55926 1.021
55929 1.023
55931 1.025
55933 1.027
55935 1.029
55937 1.031
55940 1.032
55942 1.034
55944 1.035
55946 1.037
55949 1.038
55951 1.039
55953 1.041
55956 1.042
55958 1.043
55960 1.045
55962 1.046
55964 1.047
55967 1.048
55971 1.049
55976 1.051
55980 1.053
55984 1.054
55989 1.056
55993 1.057
55998 1.059
56002 1.059
56007 1.061
56011 1.062
56016 1.063
56020 1.064
56024 1.065
56029 1.066
56038 1.067
56047 1.069
56056 1.071
56064 1.072
56073 1.074
56082 1.075
56091 1.076
56109 1.078
56126 1.080
56144 1.083
56162 1.085
56197 1.088
56233 1.091
56303 1.096
56403 1.103
56503 1.110
56602 1.116
56702 1.122
56801 1.128
56901 1.133
57000 1.137
57100 1.142
57199 1.146
57299 1.150
57399 1.154
57498 1.157
57598 1.161
57697 1.164
57797 1.167
57896 1.170
57996 1.173
58095 1.175
58195 1.178
58294 1.180
58394 1.183
58494 1.185
58593 1.187
58693 1.189
58792 1.191
58892 1.193
58991 1.195
59091 1.196
59190 1.198
59290 1.200
59390 1.201
59489 1.203
59589 1.204
59688 1.206
59788 1.207
59887 1.209
59987 1.210
60086 1.211
60186 1.212
60285 1.214
60287 1.214
60288 1.214
60289 1.214
60290 1.214
60291 1.214
60292 1.214
60293 1.214
60294 1.214
60296 1.214
60297 1.214
60298 1.214
60299 1.214
60300 1.214
60301 1.214
60302 1.214
60304 1.214
60305 1.214
60306 1.214
60307 1.214
60308 1.214
60309 1.214
60310 1.215
60311 1.215
60313 1.215
60314 1.214
60315 1.214
60316 1.215
60317 1.215
60318 1.215
60319 1.215
60320 1.215
60322 1.215
60323 1.215
60324 1.215
60325 1.215
60326 1.215
60327 1.215
60328 1.215
60329 1.215
60331 1.215
60332 1.215
60333 1.215
60334 1.215
60335 1.215
60336 1.215
60337 1.215
60338 1.215
60340 1.215
60341 1.215
60342 1.215
60343 1.215
60344 1.215
60345 1.215
60346 1.215
60349 1.215
60351 1.215
60353 1.215
60355 1.215
60358 1.215
60360 1.215
60362 1.215
60364 1.215
60366 1.215
60369 1.215
60371 1.215
60373 1.215
60375 1.215
60378 1.215
60380 1.215
60382 1.215
60384 1.215
60387 1.215
60389 1.215
60391 1.215
60393 1.215
60395 1.215
60398 1.215
60400 1.215
60402 1.215
60404 1.215
60407 1.215
60411 1.215
60416 1.215
60420 1.215
60424 1.215
60429 1.215
60433 1.215
60438 1.215
60442 1.215
60447 1.215
60451 1.216
60456 1.216
60460 1.216
60464 1.216
60469 1.217
60478 1.217
60487 1.217
60495 1.217
60504 1.217
60513 1.217
60522 1.217
60531 1.217
60549 1.217
60566 1.217
60584 1.217
60602 1.217
60637 1.218
60673 1.219
60743 1.219
60843 1.220
60943 1.220
61042 1.221
61142 1.222
61241 1.224
61341 1.224
61440 1.225
61540 1.226
61541 1.227
61542 1.227
61543 1.227
61544 1.227
61545 1.227
61547 1.227
61548 1.227
61549 1.227
61550 1.227
61551 1.227
61552 1.227
61553 1.227
61555 1.227
61556 1.227
61557 1.227
61558 1.227
61559 1.227
61560 1.227
61561 1.227
61562 1.227
61564 1.227
61565 1.227
61566 1.227
61567 1.227
61568 1.227
61569 1.227
61570 1.227
61571 1.227
61573 1.227
61574 1.227
61575 1.227
61576 1.227
61577 1.227
61578 1.227
61579 1.227
61580 1.227
61582 1.227
61583 1.227
61584 1.227
61585 1.227
61586 1.227
61587 1.227
61588 1.227
61589 1.227
61591 1.227
61592 1.227
61593 1.227
61594 1.227
61595 1.227
61596 1.227
61597 1.227
61598 1.227
61600 1.227
61601 1.227
61603 1.227
61605 1.227
61607 1.227
61610 1.227
61612 1.227
61614 1.227
61616 1.227
61619 1.227
61621 1.227
61623 1.227
61625 1.227
61628 1.227
61630 1.227
61632 1.227
61634 1.227
61636 1.227
61639 1.227
61641 1.227
61643 1.227
61645 1.227
61648 1.227
61650 1.227
61652 1.227
61654 1.227
61657 1.227
61659 1.227
61661 1.227
61663 1.227
61668 1.227
61672 1.227
61677 1.227
61681 1.227
61685 1.227
61690 1.227
61694 1.227
61699 1.227
61703 1.227
61708 1.227
61712 1.227
61717 1.228
61721 1.227
61725 1.228
61734 1.228
61743 1.229
61752 1.229
61761 1.229
61770 1.229
61779 1.229
61788 1.229
61805 1.229
61823 1.229
61841 1.229
61858 1.229
61894 1.229
61929 1.229
62000 1.230
62100 1.230
62199 1.231
62299 1.232
62398 1.232
62498 1.233
62597 1.233
62697 1.234
62796 1.235
62896 1.235
62996 1.237
63095 1.237
63195 1.237
63294 1.238
63394 1.238
63493 1.239
63593 1.240
63692 1.240
63792 1.241
63892 1.242
63991 1.242
64091 1.242
64190 1.243
64290 1.243
64389 1.243
64489 1.244
64588 1.245
64688 1.245
64788 1.245
64887 1.246
64987 1.247
65086 1.247
65186 1.247
65285 1.247
65385 1.248
65484 1.248
65584 1.248
65684 1.249
65783 1.250
65883 1.250
65982 1.250
66082 1.251
66181 1.252
66281 1.252
66380 1.252
66480 1.252
66580 1.253
66679 1.253
66779 1.253
66878 1.253
66978 1.253
67077 1.254
67177 1.255
67276 1.255
67376 1.255
67475 1.255
67575 1.255
67675 1.256
67774 1.257
67874 1.257
