# Este conjunto de dados, denominado CargaPilhasAA, é composto por vários arquivos com dados de descarga e de recuperação de pilhas AA de diversos fabricantes. Estes dados são distribuídos sob licença Creative Commons Attribution 4.0 (CC-BY). <http://creativecommons.org/licenses/by/4.0/>
# This dataset, named CargaPilhasAA, is composed of several files with discharge and recovery of AA batteries from several manufacturers. This dataset is licensed under a Creative Commons Attribution 4.0 International License (CC-BY). <http://creativecommons.org/licenses/by/4.0/>
# Galileu H. Oliveira, Rio de Janeiro, Brasil. Jan/2023.
# Fabricante: BR55
# Tipo: comum
# Exemplar: 1
# Processo: recuperação
# Corrente: 0 mA
# tempo (segundos)  tensão (volts)
Time  B1
58795 0.699
58796 0.842
58797 0.854
58798 0.862
58799 0.868
58800 0.875
58801 0.880
58803 0.885
58804 0.889
58805 0.894
58806 0.897
58807 0.901
58808 0.904
58809 0.907
58810 0.911
58812 0.914
58813 0.916
58814 0.919
58815 0.921
58816 0.924
58817 0.926
58818 0.928
58820 0.930
58821 0.931
58822 0.933
58823 0.935
58824 0.936
58825 0.938
58826 0.940
58827 0.941
58829 0.942
58830 0.944
58831 0.945
58832 0.946
58833 0.947
58834 0.949
58835 0.950
58836 0.950
58838 0.952
58839 0.953
58840 0.953
58841 0.955
58842 0.955
58843 0.956
58844 0.957
58846 0.958
58847 0.959
58848 0.960
58849 0.960
58850 0.961
58851 0.961
58852 0.963
58853 0.963
58855 0.964
58856 0.965
58857 0.965
58858 0.966
58859 0.966
58860 0.967
58861 0.968
58862 0.968
58864 0.970
58865 0.970
58866 0.970
58867 0.971
58868 0.971
58869 0.971
58871 0.973
58872 0.973
58873 0.973
58874 0.975
58875 0.975
58876 0.975
58877 0.975
58878 0.976
58880 0.976
58881 0.976
58882 0.978
58883 0.978
58884 0.978
58885 0.979
58886 0.979
58888 0.979
58889 0.979
58890 0.980
58891 0.981
58892 0.981
58893 0.981
58894 0.983
58895 0.983
58897 0.983
58898 0.983
58899 0.984
58900 0.984
58901 0.984
58902 0.984
58903 0.985
58904 0.986
58906 0.986
58907 0.986
58908 0.986
58909 0.988
58910 0.988
58911 0.988
58912 0.988
58914 0.988
58915 0.989
58916 0.989
58917 0.989
58918 0.989
58919 0.990
58920 0.991
58921 0.991
58923 0.991
58924 0.991
58925 0.993
58926 0.993
58927 0.993
58928 0.993
58929 0.993
58930 0.994
58932 0.994
58933 0.994
58934 0.994
58935 0.994
58936 0.995
58937 0.996
58938 0.996
58940 0.996
58941 0.996
58942 0.996
58943 0.997
58944 0.998
58945 0.998
58946 0.998
58947 0.998
58949 0.999
58950 0.999
58951 0.999
58952 0.999
58953 0.999
58954 0.999
58955 0.999
58956 1.001
58958 1.001
58959 1.001
58960 1.001
58961 1.001
58962 1.001
58963 1.003
58964 1.003
58966 1.003
58967 1.003
58968 1.003
58969 1.003
58970 1.004
58971 1.004
58972 1.004
58973 1.004
58975 1.004
58976 1.004
58977 1.004
58978 1.006
58979 1.006
58980 1.005
58981 1.006
58982 1.006
58984 1.006
58985 1.007
58986 1.008
58987 1.008
58988 1.008
58989 1.008
58990 1.008
58992 1.008
58993 1.009
58994 1.009
58995 1.009
58996 1.009
58997 1.009
58998 1.009
58999 1.009
59001 1.009
59002 1.011
59003 1.011
59004 1.011
59005 1.011
59006 1.011
59007 1.011
59008 1.011
59010 1.012
59011 1.013
59012 1.013
59013 1.013
59014 1.013
59015 1.013
59016 1.013
59018 1.014
59019 1.014
59020 1.014
59021 1.014
59022 1.014
59023 1.014
59024 1.014
59025 1.014
59027 1.016
59028 1.016
59029 1.016
59030 1.016
59031 1.016
59032 1.016
59033 1.016
59034 1.017
59036 1.018
59037 1.018
59038 1.018
59039 1.018
59040 1.018
59041 1.018
59042 1.018
59044 1.018
59045 1.019
59046 1.019
59047 1.019
59048 1.019
59049 1.019
59050 1.019
59051 1.019
59053 1.019
59054 1.020
59055 1.020
59056 1.021
59057 1.021
59058 1.021
59059 1.021
59060 1.021
59062 1.021
59063 1.021
59064 1.023
59065 1.023
59066 1.023
59067 1.023
59068 1.023
59070 1.023
59071 1.023
59072 1.023
59073 1.023
59074 1.023
59075 1.024
59076 1.024
59077 1.024
59079 1.024
59080 1.024
59081 1.024
59082 1.024
59083 1.025
59084 1.025
59085 1.026
59086 1.026
59088 1.026
59089 1.026
59090 1.026
59091 1.026
59092 1.026
59093 1.026
59094 1.026
59096 1.027
59097 1.028
59098 1.028
59099 1.028
59100 1.028
59101 1.028
59102 1.028
59103 1.028
59105 1.028
59106 1.028
59107 1.029
59108 1.029
59109 1.029
59110 1.029
59111 1.029
59112 1.030
59114 1.029
59115 1.029
59116 1.029
59117 1.030
59118 1.031
59119 1.031
59120 1.031
59122 1.031
59123 1.031
59124 1.031
59125 1.031
59126 1.031
59127 1.031
59128 1.031
59129 1.033
59131 1.033
59132 1.033
59133 1.033
59134 1.033
59135 1.033
59136 1.033
59137 1.033
59138 1.033
59140 1.033
59141 1.033
59142 1.034
59143 1.034
59144 1.034
59145 1.034
59146 1.034
59148 1.034
59149 1.034
59150 1.034
59151 1.034
59152 1.035
59153 1.035
59154 1.036
59155 1.036
59157 1.036
59158 1.036
59159 1.036
59160 1.036
59161 1.036
59162 1.036
59163 1.036
59164 1.036
59166 1.037
59167 1.038
59168 1.038
59169 1.038
59170 1.038
59171 1.038
59172 1.038
59174 1.038
59175 1.038
59176 1.038
59177 1.038
59178 1.038
59179 1.039
59180 1.039
59181 1.039
59183 1.039
59184 1.039
59185 1.039
59186 1.039
59187 1.039
59188 1.039
59189 1.039
59190 1.039
59192 1.041
59193 1.041
59194 1.041
59195 1.041
59196 1.041
59197 1.041
59198 1.041
59200 1.041
59201 1.041
59202 1.041
59203 1.041
59204 1.042
59205 1.041
59206 1.043
59207 1.043
59209 1.043
59210 1.043
59211 1.043
59212 1.043
59213 1.043
59214 1.043
59215 1.043
59216 1.043
59218 1.043
59219 1.043
59220 1.044
59221 1.044
59222 1.044
59223 1.044
59224 1.044
59226 1.044
59227 1.044
59228 1.044
59229 1.044
59230 1.044
59231 1.044
59232 1.046
59233 1.046
59235 1.046
59236 1.046
59237 1.046
59238 1.046
59239 1.046
59240 1.046
59241 1.046
59242 1.046
59244 1.046
59245 1.046
59246 1.047
59247 1.046
59248 1.048
59249 1.048
59250 1.048
59252 1.048
59253 1.048
59254 1.048
59255 1.048
59256 1.048
59257 1.048
59258 1.048
59259 1.048
59261 1.048
59262 1.049
59263 1.049
59264 1.049
59265 1.049
59266 1.049
59267 1.049
59268 1.050
59270 1.049
59271 1.049
59272 1.049
59273 1.049
59274 1.049
59275 1.050
59276 1.051
59278 1.051
59279 1.051
59280 1.051
59281 1.051
59282 1.051
59283 1.051
59284 1.051
59285 1.051
59287 1.051
59288 1.051
59289 1.051
59290 1.051
59291 1.051
59292 1.053
59293 1.053
59294 1.053
59296 1.053
59297 1.053
59298 1.053
59299 1.053
59300 1.053
59301 1.053
59302 1.053
59304 1.053
59305 1.053
59306 1.053
59307 1.054
59308 1.054
59309 1.054
59310 1.054
59311 1.054
59313 1.054
59314 1.054
59315 1.054
59316 1.054
59317 1.054
59318 1.054
59319 1.054
59321 1.054
59322 1.054
59323 1.054
59324 1.056
59325 1.056
59326 1.055
59327 1.056
59328 1.056
59330 1.056
59331 1.056
59332 1.056
59333 1.056
59334 1.056
59335 1.056
59336 1.056
59337 1.056
59339 1.056
59340 1.057
59341 1.058
59342 1.058
59343 1.058
59344 1.058
59345 1.058
59347 1.058
59348 1.058
59349 1.058
59350 1.058
59351 1.058
59352 1.058
59353 1.058
59354 1.058
59356 1.058
59357 1.058
59358 1.059
59359 1.059
59360 1.059
59361 1.059
59362 1.059
59363 1.059
59365 1.059
59366 1.059
59367 1.059
59368 1.059
59369 1.059
59370 1.059
59371 1.059
59373 1.059
59374 1.059
59375 1.059
59376 1.060
59377 1.061
59378 1.061
59379 1.061
59380 1.061
59382 1.061
59383 1.061
59384 1.061
59385 1.061
59386 1.061
59387 1.061
59388 1.061
59389 1.063
59391 1.063
59392 1.063
59393 1.063
59394 1.063
59395 1.063
59396 1.063
59397 1.063
59399 1.063
59400 1.063
59401 1.063
59402 1.063
59403 1.063
59404 1.063
59405 1.063
59406 1.063
59408 1.063
59409 1.063
59410 1.064
59411 1.064
59412 1.064
59413 1.064
59414 1.064
59416 1.064
59417 1.064
59418 1.064
59419 1.064
59420 1.064
59421 1.064
59422 1.064
59424 1.064
59425 1.064
59426 1.064
59427 1.064
59428 1.065
59429 1.066
59430 1.066
59431 1.066
59433 1.066
59434 1.066
59435 1.066
59436 1.066
59437 1.066
59438 1.066
59439 1.066
59440 1.066
59442 1.066
59443 1.066
59444 1.066
59445 1.066
59446 1.067
59447 1.067
59448 1.067
59450 1.067
59451 1.067
59452 1.067
59453 1.067
59454 1.067
59455 1.067
59456 1.067
59457 1.067
59459 1.067
59460 1.067
59461 1.067
59462 1.067
59463 1.067
59464 1.067
59465 1.068
59466 1.068
59468 1.069
59469 1.069
59470 1.069
59471 1.069
59472 1.069
59473 1.069
59474 1.069
59476 1.069
59477 1.069
59478 1.069
59479 1.069
59480 1.069
59481 1.069
59482 1.069
59483 1.069
59485 1.069
59486 1.071
59487 1.071
59488 1.071
59489 1.071
59490 1.071
59491 1.071
59492 1.071
59494 1.071
59495 1.071
59496 1.071
59497 1.071
59498 1.071
59499 1.071
59500 1.071
59502 1.071
59503 1.071
59504 1.072
59505 1.072
59506 1.072
59507 1.072
59508 1.072
59509 1.072
59511 1.072
59512 1.072
59513 1.072
59514 1.072
59515 1.072
59516 1.072
59517 1.072
59518 1.072
59520 1.072
59521 1.072
59522 1.072
59523 1.072
59524 1.073
59525 1.074
59526 1.074
59528 1.074
59529 1.074
59530 1.074
59531 1.074
59532 1.074
59533 1.074
59534 1.074
59535 1.074
59537 1.074
59538 1.074
59539 1.074
59540 1.074
59541 1.074
59542 1.074
59543 1.074
59544 1.074
59546 1.075
59547 1.076
59548 1.075
59549 1.076
59550 1.076
59551 1.076
59552 1.076
59554 1.076
59555 1.076
59556 1.076
59557 1.076
59558 1.076
59559 1.076
59560 1.076
59561 1.076
59563 1.076
59564 1.076
59565 1.076
59566 1.076
59567 1.077
59568 1.077
59569 1.077
59571 1.077
59572 1.077
59573 1.077
59574 1.077
59575 1.077
59576 1.077
59577 1.077
59578 1.077
59580 1.077
59581 1.077
59582 1.077
59583 1.077
59584 1.077
59585 1.077
59586 1.077
59587 1.077
59589 1.077
59590 1.078
59591 1.079
59592 1.079
59593 1.079
59594 1.079
59595 1.079
59597 1.079
59598 1.079
59599 1.079
59600 1.079
59601 1.079
59602 1.079
59603 1.079
59604 1.079
59606 1.079
59607 1.079
59608 1.080
59609 1.079
59610 1.079
59611 1.080
59612 1.081
59613 1.081
59615 1.081
59616 1.081
59617 1.081
59618 1.081
59619 1.081
59620 1.081
59621 1.081
59623 1.081
59624 1.081
59625 1.081
59626 1.081
59627 1.081
59628 1.081
59629 1.081
59630 1.081
59632 1.081
59633 1.081
59634 1.082
59635 1.082
59636 1.082
59637 1.082
59638 1.082
59639 1.082
59641 1.082
59642 1.082
59643 1.082
59644 1.082
59645 1.082
59646 1.082
59647 1.082
59649 1.082
59650 1.082
59651 1.082
59652 1.082
59653 1.082
59654 1.082
59655 1.083
59656 1.083
59658 1.084
59659 1.083
59660 1.084
59661 1.084
59662 1.084
59663 1.084
59664 1.084
59665 1.084
59667 1.084
59668 1.084
59669 1.084
59670 1.084
59671 1.084
59672 1.084
59673 1.084
59675 1.084
59676 1.084
59677 1.084
59678 1.085
59679 1.084
59680 1.084
59681 1.085
59682 1.085
59684 1.085
59685 1.086
59686 1.086
59687 1.086
59688 1.086
59689 1.086
59690 1.086
59691 1.086
59693 1.086
59694 1.086
59695 1.086
59696 1.086
59697 1.086
59698 1.086
59699 1.086
59701 1.086
59702 1.086
59703 1.086
59704 1.086
59705 1.086
59706 1.087
59707 1.087
59708 1.087
59710 1.087
59711 1.087
59712 1.087
59713 1.087
59714 1.087
59715 1.087
59716 1.087
59717 1.087
59719 1.087
59720 1.087
59721 1.087
59722 1.087
59723 1.087
59724 1.087
59725 1.087
59727 1.087
59728 1.087
59729 1.087
59730 1.087
59731 1.088
59732 1.088
59733 1.088
59734 1.089
59736 1.089
59737 1.089
59738 1.089
59739 1.089
59740 1.089
59741 1.089
59742 1.089
59743 1.089
59745 1.089
59746 1.089
59747 1.089
59748 1.089
59749 1.089
59750 1.089
59751 1.089
59753 1.089
59754 1.089
59755 1.089
59756 1.089
59757 1.089
59758 1.090
59759 1.089
59760 1.090
59762 1.091
59763 1.091
59764 1.091
59765 1.091
59766 1.091
59767 1.091
59768 1.091
59769 1.091
59771 1.091
59772 1.091
59773 1.091
59774 1.091
59775 1.091
59776 1.091
59777 1.091
59779 1.091
59780 1.091
59781 1.091
59782 1.091
59783 1.091
59784 1.092
59785 1.092
59786 1.092
59788 1.092
59789 1.092
59790 1.092
59791 1.092
59792 1.092
59793 1.092
59794 1.092
59795 1.092
59797 1.092
59798 1.092
59799 1.092
59800 1.092
59801 1.092
59802 1.092
59803 1.092
59805 1.092
59806 1.092
59807 1.092
59808 1.092
59809 1.092
59810 1.092
59811 1.094
59812 1.093
59814 1.092
59815 1.094
59816 1.094
59817 1.094
59818 1.094
59819 1.094
59820 1.094
59821 1.094
59823 1.094
59824 1.094
59825 1.094
59826 1.094
59827 1.094
59828 1.094
59829 1.094
59831 1.094
59832 1.094
59833 1.094
59834 1.094
59835 1.094
59836 1.094
59837 1.094
59838 1.094
59840 1.095
59841 1.094
59842 1.095
59843 1.095
59844 1.096
59845 1.096
59846 1.096
59847 1.096
59849 1.096
59850 1.096
59851 1.096
59852 1.096
59853 1.096
59854 1.096
59855 1.096
59857 1.096
59858 1.096
59859 1.096
59860 1.096
59861 1.096
59862 1.096
59863 1.096
59864 1.096
59866 1.096
59867 1.096
59868 1.096
59869 1.096
59870 1.097
59871 1.097
59872 1.096
59873 1.097
59875 1.097
59876 1.097
59877 1.097
59878 1.097
59879 1.097
59880 1.097
59881 1.097
59883 1.097
59884 1.097
59885 1.097
59886 1.097
59887 1.097
59888 1.097
59889 1.097
59890 1.097
59892 1.097
59893 1.097
59894 1.097
59895 1.097
59896 1.097
59897 1.097
59898 1.097
59899 1.099
59901 1.098
59902 1.098
59903 1.099
59904 1.099
59905 1.099
59906 1.099
59907 1.099
59909 1.099
59910 1.099
59911 1.099
59912 1.099
59913 1.099
59914 1.099
59915 1.099
59916 1.100
59918 1.099
59919 1.099
59920 1.099
59921 1.099
59922 1.100
59923 1.099
59924 1.099
59925 1.099
59927 1.100
59928 1.100
59929 1.101
59930 1.100
59931 1.101
59932 1.101
59933 1.101
59935 1.101
59936 1.101
59937 1.101
59938 1.101
59939 1.101
59940 1.101
59941 1.101
59942 1.101
59944 1.101
59945 1.101
59946 1.101
59947 1.101
59948 1.101
59949 1.101
59950 1.101
59952 1.101
59953 1.101
59954 1.101
59955 1.101
59956 1.101
59957 1.101
59958 1.101
59960 1.102
59961 1.102
59962 1.102
59963 1.102
59964 1.102
59965 1.102
59966 1.102
59967 1.102
59969 1.102
59970 1.102
59971 1.102
59972 1.102
59973 1.102
59974 1.102
59975 1.102
59977 1.102
59978 1.102
59979 1.102
59980 1.102
59981 1.102
59982 1.102
59983 1.102
59984 1.102
59986 1.102
59987 1.102
59988 1.102
59989 1.103
59990 1.103
59991 1.102
59992 1.103
59993 1.104
59995 1.104
59996 1.104
59997 1.104
59998 1.104
59999 1.104
60000 1.104
60001 1.104
60003 1.104
60004 1.104
60005 1.104
60006 1.104
60007 1.104
60008 1.104
60009 1.104
60010 1.104
60012 1.104
60013 1.104
60014 1.104
60015 1.104
60016 1.104
60017 1.104
60018 1.104
60019 1.104
60021 1.104
60022 1.104
60023 1.105
60024 1.106
60025 1.106
60026 1.106
60027 1.106
60029 1.106
60030 1.106
60031 1.106
60032 1.106
60033 1.106
60034 1.106
60035 1.106
60036 1.106
60038 1.106
60039 1.106
60040 1.106
60041 1.106
60042 1.106
60043 1.106
60044 1.106
60045 1.106
60047 1.106
60048 1.106
60049 1.106
60050 1.106
60051 1.106
60052 1.106
60053 1.106
60055 1.106
60056 1.106
60057 1.107
60058 1.107
60059 1.106
60060 1.107
60061 1.107
60062 1.107
60064 1.107
60065 1.107
60066 1.107
60067 1.107
60068 1.107
60069 1.107
60070 1.107
60071 1.107
60073 1.107
60074 1.107
60075 1.107
60076 1.107
60077 1.107
60078 1.107
60079 1.107
60081 1.107
60082 1.107
60083 1.107
60084 1.107
60085 1.107
60086 1.107
60087 1.108
60088 1.109
60090 1.109
60091 1.109
60092 1.109
60093 1.109
60094 1.109
60095 1.109
60096 1.109
60097 1.109
60099 1.109
60100 1.109
60101 1.109
60102 1.109
60103 1.109
60104 1.109
60105 1.109
60107 1.109
60108 1.109
60109 1.109
60110 1.109
60111 1.109
60112 1.109
60113 1.109
60114 1.109
60116 1.109
60117 1.109
60118 1.111
60119 1.110
60120 1.109
60121 1.111
60122 1.111
60124 1.111
60125 1.111
60126 1.111
60127 1.110
60128 1.111
60129 1.111
60130 1.111
60131 1.111
60133 1.111
60134 1.111
60135 1.111
60136 1.111
60137 1.111
60138 1.111
60139 1.111
60140 1.111
60142 1.111
60143 1.111
60144 1.111
60145 1.111
60146 1.111
60147 1.111
60148 1.111
60150 1.111
60151 1.111
60152 1.111
60153 1.111
60154 1.112
60155 1.112
60156 1.112
60157 1.112
60159 1.112
60160 1.112
60161 1.112
60162 1.112
60163 1.112
60164 1.112
60165 1.112
60166 1.112
60168 1.112
60169 1.112
60170 1.112
60171 1.112
60172 1.112
60173 1.112
60174 1.112
60176 1.112
60177 1.112
60178 1.112
60179 1.112
60180 1.112
60181 1.112
60182 1.113
60183 1.113
60185 1.113
60186 1.113
60187 1.113
60188 1.112
60189 1.114
60190 1.114
60191 1.114
60192 1.114
60194 1.114
60195 1.114
60196 1.114
60197 1.114
60198 1.114
60199 1.114
60200 1.114
60202 1.114
60203 1.114
60204 1.114
60205 1.114
60206 1.114
60207 1.114
60208 1.114
60209 1.114
60211 1.114
60212 1.114
60213 1.114
60214 1.114
60215 1.114
60216 1.114
60217 1.115
60218 1.115
60220 1.115
60221 1.116
60222 1.116
60223 1.116
60224 1.116
60225 1.116
60226 1.116
60228 1.116
60229 1.116
60230 1.116
60231 1.116
60232 1.116
60233 1.116
60234 1.116
60235 1.116
60237 1.116
60238 1.116
60239 1.116
60240 1.116
60241 1.116
60242 1.116
60243 1.116
60244 1.116
60246 1.116
60247 1.116
60248 1.116
60249 1.116
60250 1.116
60251 1.116
60252 1.116
60254 1.116
60255 1.116
60256 1.116
60257 1.116
60258 1.116
60259 1.117
60260 1.117
60261 1.117
60263 1.117
60264 1.117
60265 1.117
60266 1.117
60267 1.117
60268 1.117
60269 1.117
60270 1.117
60272 1.117
60273 1.117
60274 1.117
60275 1.117
60276 1.117
60277 1.117
60278 1.117
60280 1.117
60281 1.117
60282 1.117
60283 1.117
60284 1.117
60285 1.117
60286 1.117
60287 1.117
60289 1.117
60290 1.118
60291 1.118
60292 1.119
60293 1.119
60294 1.118
60295 1.119
60296 1.119
60298 1.119
60299 1.119
60300 1.119
60301 1.119
60302 1.119
60303 1.119
60304 1.119
60306 1.119
60307 1.119
60308 1.119
60309 1.119
60310 1.119
60311 1.119
60312 1.119
60313 1.119
60315 1.119
60316 1.119
60317 1.119
60318 1.119
60319 1.119
60320 1.119
60321 1.119
60322 1.119
60324 1.119
60325 1.119
60326 1.119
60327 1.119
60328 1.119
60329 1.120
60330 1.119
60332 1.121
60333 1.121
60334 1.121
60335 1.121
60336 1.121
60337 1.121
60338 1.121
60339 1.120
60341 1.121
60342 1.121
60343 1.121
60344 1.121
60345 1.121
60346 1.121
60347 1.121
60348 1.121
60350 1.121
60351 1.121
60352 1.121
60353 1.121
60354 1.121
60355 1.121
60356 1.121
60358 1.121
60359 1.121
60360 1.121
60361 1.121
60362 1.121
60363 1.121
60364 1.121
60365 1.121
60367 1.121
60368 1.121
60369 1.121
60370 1.122
60371 1.121
60372 1.122
60373 1.122
60374 1.122
60376 1.122
60377 1.122
60378 1.122
60379 1.122
60380 1.122
60381 1.122
60382 1.122
60384 1.122
60385 1.122
60386 1.122
60387 1.122
60388 1.122
60389 1.122
60390 1.122
60391 1.122
60393 1.122
60394 1.122
60395 1.122
60396 1.122
60397 1.122
60398 1.122
60399 1.122
60400 1.122
60402 1.122
60403 1.122
60404 1.122
60405 1.122
60406 1.123
60407 1.123
60408 1.122
60410 1.123
60411 1.123
60412 1.124
60413 1.124
60414 1.124
60415 1.123
60416 1.124
60417 1.124
60419 1.124
60420 1.124
60421 1.124
60422 1.124
60423 1.124
60424 1.124
60425 1.124
60426 1.124
60428 1.124
60429 1.124
60430 1.124
60431 1.124
60432 1.124
60433 1.124
60434 1.124
60436 1.124
60437 1.124
60438 1.124
60439 1.124
60440 1.124
60441 1.124
60442 1.124
60443 1.124
60445 1.124
60446 1.124
60447 1.126
60448 1.125
60449 1.126
60450 1.126
60451 1.126
60452 1.126
60454 1.126
60455 1.126
60456 1.126
60457 1.126
60458 1.126
60459 1.126
60460 1.126
60462 1.126
60463 1.126
60464 1.126
60465 1.126
60466 1.126
60467 1.126
60468 1.126
60469 1.126
60471 1.126
60472 1.126
60473 1.126
60474 1.126
60475 1.126
60476 1.126
60477 1.126
60478 1.126
60480 1.126
60481 1.126
60482 1.126
60483 1.126
60484 1.126
60485 1.126
60486 1.126
60488 1.126
60489 1.127
60490 1.126
60491 1.127
60492 1.126
60493 1.127
60494 1.127
60495 1.127
60497 1.127
60498 1.127
60499 1.127
60500 1.127
60501 1.127
60502 1.127
60503 1.127
60504 1.127
60506 1.127
60507 1.127
60508 1.127
60509 1.127
60510 1.127
60511 1.127
60513 1.127
60514 1.127
60515 1.127
60516 1.127
60517 1.127
60518 1.127
60519 1.127
60520 1.127
60522 1.127
60523 1.127
60524 1.127
60525 1.127
60526 1.127
60527 1.127
60528 1.127
60530 1.127
60531 1.127
60532 1.127
60533 1.129
60534 1.128
60535 1.129
60536 1.129
60537 1.129
60539 1.129
60540 1.129
60541 1.129
60542 1.129
60543 1.129
60544 1.129
60545 1.129
60546 1.129
60548 1.129
60549 1.129
60550 1.129
60551 1.129
60552 1.129
60553 1.129
60554 1.129
60556 1.129
60557 1.129
60558 1.129
60559 1.129
60560 1.129
60561 1.129
60562 1.129
60563 1.129
60565 1.129
60566 1.129
60567 1.129
60568 1.129
60569 1.129
60570 1.129
60571 1.129
60572 1.129
60574 1.129
60575 1.129
60576 1.130
60577 1.131
60578 1.131
60579 1.131
60580 1.131
60582 1.131
60583 1.131
60584 1.131
60585 1.131
60586 1.131
60587 1.131
60588 1.131
60589 1.131
60591 1.131
60592 1.131
60593 1.131
60594 1.131
60595 1.131
60596 1.131
60597 1.131
60598 1.131
60600 1.131
60601 1.131
60602 1.131
60603 1.131
60604 1.131
60605 1.131
60606 1.131
60608 1.131
60609 1.131
60610 1.131
60611 1.131
60612 1.131
60613 1.131
60614 1.131
60615 1.131
60617 1.131
60618 1.131
60619 1.131
60620 1.132
60621 1.131
60622 1.131
60623 1.132
60624 1.132
60626 1.131
60627 1.132
60628 1.132
60629 1.132
60630 1.132
60631 1.132
60632 1.132
60634 1.132
60635 1.132
60636 1.132
60637 1.132
60638 1.132
60639 1.132
60640 1.132
60641 1.132
60643 1.132
60644 1.132
60645 1.132
60646 1.132
60647 1.132
60648 1.132
60649 1.132
60651 1.132
60652 1.132
60653 1.132
60654 1.132
60655 1.132
60656 1.132
60657 1.132
60658 1.132
60660 1.132
60661 1.132
60662 1.132
60663 1.133
60664 1.132
60665 1.133
60666 1.133
60667 1.134
60669 1.134
60670 1.134
60671 1.134
60672 1.134
60673 1.134
60674 1.134
60675 1.134
60677 1.134
60678 1.134
60679 1.134
60680 1.134
60681 1.134
60682 1.134
60683 1.134
60684 1.134
60686 1.134
60687 1.134
60688 1.134
60689 1.134
60690 1.134
60691 1.134
60692 1.134
60693 1.134
60695 1.134
60696 1.134
60697 1.134
60698 1.134
60699 1.134
60700 1.134
60701 1.134
60703 1.134
60704 1.134
60705 1.134
60706 1.135
60707 1.135
60708 1.134
60709 1.135
60710 1.136
60712 1.136
60713 1.136
60714 1.136
60715 1.136
60716 1.136
60717 1.136
60718 1.136
60719 1.136
60721 1.136
60722 1.136
60723 1.136
60724 1.136
60725 1.136
60726 1.136
60727 1.136
60729 1.136
60730 1.136
60731 1.136
60732 1.136
60733 1.136
60734 1.136
60735 1.136
60736 1.136
60738 1.136
60739 1.136
60740 1.136
60741 1.136
60742 1.136
60743 1.136
60744 1.136
60745 1.136
60747 1.136
60748 1.136
60749 1.136
60750 1.136
60751 1.136
60752 1.136
60753 1.136
60755 1.136
60756 1.136
60757 1.136
60758 1.136
60759 1.136
60760 1.137
60761 1.136
60762 1.136
60764 1.136
60765 1.137
60766 1.137
60767 1.137
60768 1.137
60769 1.137
60770 1.137
60771 1.137
60773 1.137
60774 1.137
60775 1.137
60776 1.137
60777 1.137
60778 1.137
60779 1.137
60781 1.137
60782 1.137
60783 1.137
60784 1.137
60785 1.137
60786 1.137
60787 1.137
60788 1.137
60790 1.137
60791 1.137
60792 1.137
60793 1.137
60794 1.137
60795 1.137
60796 1.137
60797 1.137
60799 1.137
60800 1.137
60801 1.137
60802 1.137
60803 1.137
60804 1.138
60805 1.137
60807 1.138
60808 1.137
60809 1.139
60810 1.138
60811 1.138
60812 1.139
60813 1.139
60814 1.139
60816 1.139
60817 1.139
60818 1.139
60819 1.139
60820 1.139
60821 1.139
60822 1.139
60823 1.139
60825 1.139
60826 1.139
60827 1.139
60828 1.139
60829 1.139
60830 1.139
60831 1.139
60833 1.139
60834 1.139
60835 1.139
60836 1.139
60837 1.139
60838 1.140
60839 1.139
60840 1.139
60842 1.139
60843 1.139
60844 1.139
60845 1.139
60846 1.139
60847 1.139
60848 1.139
60849 1.139
60851 1.139
60852 1.139
60853 1.139
60854 1.139
60855 1.140
60856 1.141
60857 1.141
60859 1.140
60860 1.141
60861 1.141
60862 1.140
60863 1.141
60864 1.141
60865 1.141
60866 1.141
60868 1.141
60869 1.141
60870 1.141
60871 1.141
60872 1.141
60873 1.141
60874 1.141
60875 1.141
60877 1.141
60878 1.141
60879 1.141
60880 1.141
60881 1.141
60882 1.141
60883 1.141
60885 1.141
60886 1.141
60887 1.141
60888 1.141
60889 1.141
60890 1.141
60891 1.141
60892 1.141
60894 1.141
60895 1.141
60896 1.141
60897 1.141
60898 1.141
60899 1.141
60900 1.141
60901 1.141
60903 1.141
60904 1.141
60905 1.141
60906 1.141
60907 1.141
60908 1.142
60909 1.142
60911 1.142
60912 1.142
60913 1.142
60914 1.142
60915 1.141
60916 1.142
60917 1.142
60918 1.142
60920 1.142
60921 1.142
60922 1.142
60923 1.142
60924 1.142
60925 1.142
60926 1.142
60927 1.142
60929 1.142
60930 1.142
60931 1.142
60932 1.142
60933 1.142
60934 1.142
60935 1.142
60937 1.142
60938 1.142
60939 1.142
60940 1.142
60941 1.142
60942 1.142
60943 1.142
60944 1.142
60946 1.142
60947 1.142
60948 1.142
60949 1.142
60950 1.142
60951 1.142
60952 1.143
60953 1.144
60955 1.143
60956 1.144
60957 1.144
60958 1.143
60959 1.144
60960 1.144
60961 1.144
60963 1.144
60964 1.144
60965 1.144
60966 1.144
60967 1.144
60968 1.144
60969 1.144
60970 1.144
60972 1.144
60973 1.144
60974 1.144
60975 1.144
60976 1.144
60977 1.144
60978 1.144
60979 1.144
60981 1.144
60982 1.144
60983 1.144
60984 1.144
60985 1.144
60986 1.144
60987 1.144
60989 1.144
60990 1.144
60991 1.144
60992 1.144
60993 1.144
60994 1.144
60995 1.145
60996 1.144
60998 1.144
60999 1.144
61000 1.144
61001 1.145
61002 1.144
61003 1.146
61004 1.146
61005 1.146
61007 1.146
61008 1.146
61009 1.146
61010 1.146
61011 1.146
61012 1.146
61013 1.146
61015 1.146
61016 1.146
61017 1.146
61018 1.146
61019 1.146
61020 1.146
61021 1.146
61022 1.146
61024 1.146
61025 1.146
61026 1.146
61027 1.146
61028 1.146
61029 1.146
61030 1.146
61032 1.146
61033 1.146
61034 1.146
61035 1.146
61036 1.146
61037 1.146
61038 1.146
61039 1.146
61041 1.146
61042 1.146
61043 1.146
61044 1.146
61045 1.146
61046 1.146
61047 1.146
61048 1.146
61050 1.146
61051 1.146
61052 1.146
61053 1.147
61054 1.147
61055 1.146
61057 1.147
61058 1.147
61059 1.147
61060 1.147
61061 1.147
61062 1.147
61063 1.147
61064 1.147
61066 1.147
61067 1.147
61068 1.147
61069 1.147
61070 1.147
61071 1.147
61072 1.147
61073 1.147
61075 1.147
61076 1.147
61077 1.147
61078 1.147
61079 1.147
61080 1.147
61081 1.147
61083 1.147
61084 1.147
61085 1.147
61086 1.147
61087 1.147
61088 1.147
61089 1.147
61090 1.147
61092 1.147
61093 1.147
61094 1.147
61095 1.147
61096 1.147
61097 1.147
61098 1.147
61099 1.147
61101 1.147
61102 1.147
61103 1.147
61104 1.148
61105 1.147
61106 1.147
61107 1.148
61109 1.149
61110 1.149
61111 1.149
61112 1.149
61113 1.149
61114 1.149
61115 1.149
61116 1.149
61118 1.149
61119 1.149
61120 1.149
61121 1.149
61122 1.149
61123 1.149
61124 1.149
61125 1.149
61127 1.149
61128 1.149
61129 1.149
61130 1.149
61131 1.149
61132 1.149
61133 1.149
61135 1.149
61136 1.149
61137 1.149
61138 1.149
61139 1.149
61140 1.149
61141 1.149
61142 1.149
61144 1.149
61145 1.149
61146 1.149
61147 1.149
61148 1.149
61149 1.149
61150 1.149
61151 1.149
61153 1.149
61154 1.149
61155 1.149
61156 1.149
61157 1.149
61158 1.149
61159 1.149
61161 1.150
61162 1.149
61163 1.150
61164 1.150
61165 1.149
61166 1.149
61167 1.150
61168 1.150
61170 1.150
61171 1.150
61172 1.150
61173 1.150
61174 1.150
61175 1.150
61176 1.150
61177 1.150
61179 1.150
61180 1.150
61181 1.150
61182 1.150
61183 1.150
61184 1.150
61185 1.150
61187 1.150
61188 1.150
61189 1.150
61190 1.150
61191 1.150
61192 1.150
61193 1.150
61194 1.150
61196 1.150
61197 1.150
61198 1.150
61199 1.150
61200 1.150
61201 1.150
61202 1.150
61204 1.150
61205 1.150
61206 1.150
61207 1.150
61208 1.150
61209 1.150
61210 1.150
61211 1.150
61213 1.150
61214 1.151
61215 1.150
61216 1.150
61217 1.150
61218 1.151
61219 1.152
61220 1.151
61222 1.151
61223 1.152
61224 1.151
61225 1.152
61226 1.152
61227 1.152
61228 1.152
61230 1.152
61231 1.152
61232 1.151
61233 1.152
61234 1.152
61235 1.152
61236 1.152
61237 1.152
61239 1.152
61240 1.152
61241 1.152
61242 1.152
61243 1.152
61244 1.152
61245 1.152
61246 1.152
61248 1.152
61249 1.152
61250 1.152
61251 1.152
61252 1.152
61253 1.152
61254 1.152
61256 1.152
61257 1.152
61258 1.152
61259 1.152
61260 1.152
61261 1.152
61262 1.152
61263 1.152
61265 1.152
61266 1.152
61267 1.152
61268 1.152
61269 1.152
61270 1.152
61271 1.152
61272 1.153
61274 1.152
61275 1.154
61276 1.153
61277 1.154
61278 1.152
61279 1.154
61280 1.154
61282 1.153
61283 1.154
61284 1.154
61285 1.154
61286 1.154
61287 1.154
61288 1.154
61289 1.154
61291 1.154
61292 1.154
61293 1.154
61294 1.154
61295 1.154
61296 1.154
61297 1.154
61298 1.154
61300 1.154
61301 1.154
61302 1.154
61303 1.154
61304 1.154
61305 1.154
61306 1.154
61308 1.154
61309 1.154
61310 1.154
61311 1.154
61312 1.154
61313 1.154
61314 1.154
61315 1.154
61317 1.154
61318 1.154
61319 1.154
61320 1.154
61321 1.154
61322 1.154
61323 1.154
61324 1.154
61326 1.154
61327 1.154
61328 1.154
61329 1.154
61330 1.155
61331 1.155
61332 1.154
61334 1.154
61335 1.155
61336 1.155
61337 1.155
61338 1.155
61339 1.155
61340 1.155
61341 1.155
61343 1.155
61344 1.155
61345 1.155
61346 1.155
61347 1.155
61348 1.155
61349 1.155
61350 1.155
61352 1.155
61353 1.155
61354 1.155
61355 1.155
61356 1.155
61357 1.155
61358 1.155
61360 1.155
61361 1.155
61362 1.155
61363 1.155
61364 1.155
61365 1.155
61366 1.155
61367 1.155
61369 1.155
61370 1.155
61371 1.155
61372 1.155
61373 1.155
61374 1.155
61375 1.155
61376 1.155
61378 1.155
61379 1.155
61380 1.155
61381 1.155
61382 1.155
61383 1.155
61384 1.155
61386 1.155
61387 1.155
61388 1.155
61389 1.155
61390 1.155
61391 1.155
61392 1.155
61393 1.156
61395 1.155
61396 1.155
61397 1.157
61398 1.156
61399 1.157
61400 1.157
61401 1.157
61402 1.157
61404 1.157
61405 1.157
61406 1.157
61407 1.157
61408 1.157
61409 1.157
61410 1.157
61412 1.157
61413 1.157
61414 1.157
61415 1.157
61416 1.157
61417 1.157
61418 1.157
61419 1.156
61421 1.157
61422 1.157
61423 1.157
61424 1.157
61425 1.157
61426 1.157
61427 1.157
61429 1.157
61430 1.157
61431 1.157
61432 1.157
61433 1.157
61434 1.157
61435 1.157
61436 1.157
61438 1.157
61439 1.157
61440 1.157
61441 1.157
61442 1.157
61443 1.157
61444 1.157
61445 1.157
61447 1.157
61448 1.157
61449 1.157
61450 1.157
61451 1.157
61452 1.157
61453 1.157
61454 1.158
61456 1.157
61457 1.157
61458 1.157
61459 1.158
61460 1.158
61461 1.158
61462 1.159
61464 1.158
61465 1.159
61466 1.159
61467 1.159
61468 1.159
61469 1.159
61470 1.159
61471 1.159
61473 1.159
61474 1.159
61475 1.159
61476 1.159
61477 1.159
61478 1.159
61479 1.159
61481 1.159
61482 1.159
61483 1.159
61484 1.159
61485 1.159
61486 1.159
61487 1.159
61488 1.159
61490 1.159
61491 1.159
61492 1.159
61493 1.159
61494 1.159
61495 1.159
61496 1.159
61497 1.159
61499 1.159
61500 1.159
61501 1.159
61502 1.159
61503 1.159
61504 1.159
61505 1.159
61507 1.159
61508 1.159
61509 1.159
61510 1.159
61511 1.159
61512 1.159
61513 1.159
61514 1.159
61516 1.159
61517 1.160
61518 1.160
61519 1.160
61520 1.159
61521 1.160
61522 1.160
61523 1.160
61525 1.160
61526 1.160
61527 1.160
61528 1.160
61529 1.160
61530 1.160
61531 1.160
61533 1.160
61534 1.160
61535 1.160
61536 1.160
61537 1.160
61538 1.160
61539 1.160
61540 1.160
61542 1.160
61543 1.160
61544 1.160
61545 1.160
61546 1.160
61547 1.160
61548 1.160
61549 1.160
61551 1.160
61552 1.160
61553 1.160
61554 1.160
61555 1.160
61556 1.160
61557 1.160
61559 1.160
61560 1.160
61561 1.160
61562 1.160
61563 1.160
61564 1.160
61565 1.160
61566 1.160
61568 1.160
61569 1.160
61570 1.160
61571 1.160
61572 1.160
61573 1.160
61574 1.160
61575 1.160
61577 1.160
61578 1.160
61579 1.161
61580 1.160
61581 1.162
61582 1.162
61583 1.161
61585 1.161
61586 1.162
61587 1.162
61588 1.162
61589 1.162
61590 1.162
61591 1.162
61592 1.162
61594 1.161
61595 1.162
61596 1.162
61597 1.162
61598 1.162
61599 1.162
61600 1.162
61602 1.162
61603 1.162
61604 1.162
61605 1.162
61606 1.162
61607 1.162
61608 1.162
61610 1.162
61611 1.162
61612 1.162
61613 1.162
61614 1.162
61615 1.162
61616 1.162
61617 1.162
61619 1.162
61620 1.162
61621 1.162
61622 1.162
61623 1.162
61624 1.162
61625 1.162
61626 1.162
61628 1.162
61629 1.162
61630 1.162
61631 1.162
61632 1.162
61633 1.162
61634 1.162
61636 1.162
61637 1.162
61638 1.162
61639 1.163
61640 1.162
61641 1.162
61642 1.163
61643 1.164
61645 1.164
61646 1.164
61647 1.164
61648 1.164
61649 1.164
61650 1.164
61651 1.164
61653 1.164
61654 1.164
61655 1.164
61656 1.164
61657 1.164
61658 1.164
61659 1.164
61660 1.164
61662 1.164
61663 1.164
61664 1.164
61665 1.164
61666 1.164
61667 1.164
61668 1.164
61669 1.164
61671 1.164
61672 1.164
61673 1.164
61674 1.164
61675 1.164
61676 1.164
61677 1.164
61679 1.164
61680 1.164
61681 1.164
61682 1.164
61683 1.164
61684 1.164
61685 1.164
61686 1.164
61688 1.164
61689 1.164
61690 1.164
61691 1.164
61692 1.164
61693 1.164
61694 1.164
61695 1.164
61697 1.164
61698 1.164
61699 1.164
61700 1.164
61701 1.164
61702 1.164
61703 1.164
61705 1.164
61706 1.164
61707 1.164
61708 1.165
61709 1.165
61710 1.165
61711 1.164
61712 1.165
61714 1.165
61715 1.165
61716 1.165
61717 1.165
61718 1.165
61719 1.165
61720 1.165
61721 1.165
61723 1.165
61724 1.165
61725 1.166
61726 1.165
61727 1.165
61728 1.165
61729 1.165
61731 1.165
61732 1.165
61733 1.165
61734 1.165
61735 1.165
61736 1.165
61737 1.165
61738 1.165
61740 1.165
61741 1.165
61742 1.165
61743 1.165
61744 1.165
61745 1.165
61746 1.165
61747 1.165
61749 1.165
61750 1.165
61751 1.165
61752 1.165
61753 1.165
61754 1.165
61755 1.165
61757 1.165
61758 1.165
61759 1.165
61760 1.165
61761 1.165
61762 1.165
61763 1.165
61764 1.165
61766 1.165
61767 1.165
61768 1.165
61769 1.166
61770 1.165
61771 1.166
61772 1.165
61773 1.165
61775 1.166
61776 1.167
61777 1.166
61778 1.166
61779 1.167
61780 1.167
61781 1.166
61783 1.167
61784 1.167
61785 1.167
61786 1.167
61787 1.167
61788 1.167
61789 1.167
61790 1.167
61792 1.167
61793 1.167
61794 1.167
61795 1.167
61796 1.167
61797 1.167
61798 1.167
61799 1.167
61801 1.167
61802 1.167
61803 1.167
61804 1.167
61805 1.167
61806 1.167
61807 1.167
61809 1.167
61810 1.167
61811 1.167
61812 1.167
61813 1.167
61814 1.167
61815 1.167
61816 1.167
61818 1.167
61819 1.167
61820 1.167
61821 1.167
61822 1.167
61823 1.167
61824 1.167
61826 1.167
61827 1.167
61828 1.167
61829 1.167
61830 1.167
61831 1.167
61832 1.167
61833 1.167
61835 1.167
61836 1.167
61837 1.167
61838 1.167
61839 1.167
61840 1.167
61841 1.167
61842 1.168
61844 1.167
61845 1.169
61846 1.168
61847 1.167
61848 1.169
61849 1.168
61850 1.168
61852 1.169
61853 1.169
61854 1.169
61855 1.169
61856 1.169
61857 1.169
61858 1.169
61859 1.169
61861 1.169
61862 1.169
61863 1.169
61864 1.169
61865 1.169
61866 1.169
61867 1.169
61868 1.169
61870 1.169
61871 1.169
61872 1.169
61873 1.169
61874 1.169
61875 1.169
61876 1.169
61878 1.169
61879 1.169
61880 1.169
61881 1.169
61882 1.169
61883 1.169
61884 1.169
61885 1.169
61887 1.169
61888 1.169
61889 1.169
61890 1.169
61891 1.169
61892 1.169
61893 1.169
61894 1.169
61896 1.169
61897 1.169
61898 1.169
61899 1.169
61900 1.169
61901 1.169
61902 1.169
61904 1.169
61905 1.169
61906 1.169
61907 1.169
61908 1.169
61909 1.169
61910 1.169
61911 1.169
61913 1.170
61914 1.170
61915 1.170
61916 1.170
61917 1.170
61918 1.170
61919 1.170
61920 1.170
61922 1.170
61923 1.170
61924 1.170
61925 1.170
61926 1.170
61927 1.170
61928 1.170
61930 1.170
61931 1.170
61932 1.170
61933 1.170
61934 1.170
61935 1.170
61936 1.170
61937 1.170
61939 1.170
61940 1.170
61941 1.170
61942 1.170
61943 1.170
61944 1.170
61945 1.170
61946 1.170
61948 1.170
61949 1.170
61950 1.170
61951 1.170
61952 1.170
61953 1.170
61954 1.170
61956 1.170
61957 1.170
61958 1.170
61959 1.170
61960 1.170
61961 1.170
61962 1.170
61963 1.170
61965 1.170
61966 1.170
61967 1.170
61968 1.170
61969 1.170
61970 1.170
61971 1.170
61972 1.170
61974 1.170
61975 1.170
61976 1.170
61977 1.170
61978 1.170
61979 1.170
61980 1.171
61982 1.171
61983 1.172
61984 1.171
61985 1.172
61986 1.172
61987 1.172
61988 1.172
61989 1.171
61991 1.172
61992 1.172
61993 1.172
61994 1.172
61995 1.172
61996 1.172
61997 1.172
61998 1.172
62000 1.172
62001 1.172
62002 1.172
62003 1.172
62004 1.172
62005 1.172
62006 1.172
62008 1.172
62009 1.172
62010 1.172
62011 1.172
62012 1.172
62013 1.172
62014 1.172
62015 1.172
62017 1.172
62018 1.172
62019 1.172
62020 1.172
62021 1.172
62022 1.172
62023 1.172
62024 1.172
62026 1.172
62027 1.172
62028 1.172
62029 1.172
62030 1.172
62031 1.172
62032 1.172
62034 1.172
62035 1.172
62036 1.172
62037 1.172
62038 1.172
62039 1.172
62040 1.172
62041 1.172
62043 1.172
62044 1.172
62045 1.172
62046 1.172
62047 1.172
62048 1.173
62049 1.173
62050 1.173
62052 1.172
62053 1.172
62054 1.172
62055 1.173
62056 1.174
62057 1.174
62058 1.173
62060 1.174
62061 1.174
62062 1.174
62063 1.174
62064 1.174
62065 1.174
62066 1.174
62067 1.174
62069 1.174
62070 1.174
62071 1.174
62072 1.174
62073 1.174
62074 1.174
62075 1.174
62077 1.174
62078 1.174
62079 1.174
62080 1.174
62081 1.174
62082 1.174
62083 1.174
62084 1.174
62086 1.174
62087 1.174
62088 1.174
62089 1.174
62090 1.173
62091 1.174
62092 1.174
62093 1.174
62095 1.174
62096 1.174
62097 1.174
62098 1.174
62099 1.174
62100 1.174
62101 1.174
62103 1.174
62104 1.174
62105 1.174
62106 1.174
62107 1.174
62108 1.174
62109 1.174
62110 1.174
62112 1.174
62113 1.174
62114 1.174
62115 1.174
62116 1.174
62117 1.174
62118 1.174
62119 1.174
62121 1.174
62122 1.174
62123 1.174
62124 1.174
62125 1.174
62126 1.175
62127 1.175
62129 1.174
62130 1.174
62131 1.174
62132 1.175
62133 1.175
62134 1.175
62135 1.175
62136 1.175
62138 1.175
62139 1.175
62140 1.175
62141 1.175
62142 1.175
62143 1.175
62144 1.175
62146 1.175
62147 1.175
62148 1.175
62149 1.175
62150 1.175
62151 1.175
62152 1.175
62154 1.175
62155 1.175
62156 1.175
62157 1.175
62158 1.175
62159 1.175
62160 1.175
62161 1.175
62163 1.175
62164 1.175
62165 1.175
62166 1.175
62167 1.175
62168 1.175
62169 1.175
62170 1.175
62172 1.175
62173 1.175
62174 1.175
62175 1.175
62176 1.175
62177 1.175
62178 1.175
62180 1.175
62181 1.175
62182 1.175
62183 1.175
62184 1.175
62185 1.175
62186 1.175
62187 1.175
62189 1.175
62190 1.175
62191 1.175
62192 1.175
62193 1.175
62194 1.175
62195 1.175
62196 1.175
62198 1.175
62199 1.175
62200 1.175
62201 1.175
62202 1.175
62203 1.176
62204 1.175
62206 1.176
62207 1.176
62208 1.176
62209 1.177
62210 1.177
62211 1.177
62212 1.176
62213 1.177
62215 1.177
62216 1.177
62217 1.177
62218 1.177
62219 1.176
62220 1.177
62221 1.177
62223 1.177
62224 1.177
62225 1.177
62226 1.177
62227 1.177
62228 1.177
62229 1.177
62230 1.177
62232 1.177
62233 1.177
62234 1.177
62235 1.177
62236 1.177
62237 1.177
62238 1.177
62239 1.177
62241 1.177
62242 1.177
62243 1.177
62244 1.177
62245 1.177
62246 1.177
62247 1.177
62249 1.177
62250 1.177
62251 1.177
62252 1.177
62253 1.177
62254 1.177
62255 1.177
62256 1.177
62258 1.177
62259 1.177
62260 1.177
62261 1.177
62262 1.177
62263 1.177
62264 1.177
62265 1.177
62267 1.177
62268 1.177
62269 1.177
62270 1.177
62271 1.177
62272 1.177
62273 1.177
62275 1.177
62276 1.177
62277 1.177
62278 1.178
62279 1.177
62280 1.177
62281 1.178
62282 1.179
62284 1.178
62285 1.178
62286 1.178
62287 1.179
62288 1.179
62289 1.179
62290 1.179
62291 1.179
62293 1.179
62294 1.179
62295 1.179
62296 1.179
62297 1.179
62298 1.179
62299 1.179
62301 1.179
62302 1.179
62303 1.179
62304 1.179
62305 1.179
62306 1.179
62307 1.179
62308 1.179
62310 1.179
62311 1.179
62312 1.179
62313 1.179
62314 1.179
62315 1.179
62316 1.179
62317 1.179
62319 1.179
62320 1.179
62321 1.179
62322 1.179
62323 1.179
62324 1.179
62325 1.179
62327 1.179
62328 1.179
62329 1.179
62330 1.179
62331 1.179
62332 1.179
62333 1.179
62334 1.179
62336 1.179
62337 1.179
62338 1.179
62339 1.179
62340 1.179
62341 1.179
62342 1.179
62343 1.179
62345 1.179
62346 1.179
62347 1.179
62348 1.179
62349 1.179
62350 1.179
62351 1.179
62353 1.179
62354 1.179
62355 1.180
62356 1.179
62357 1.180
62358 1.179
62359 1.179
62360 1.179
62362 1.180
62363 1.180
62364 1.179
62365 1.180
62366 1.180
62367 1.180
62368 1.180
62369 1.180
62371 1.180
62372 1.180
62373 1.180
62374 1.180
62375 1.180
62376 1.180
62377 1.180
62379 1.180
62380 1.180
62381 1.180
62382 1.180
62383 1.180
62384 1.180
62385 1.180
62386 1.180
62388 1.180
62389 1.180
62390 1.180
62391 1.180
62392 1.180
62393 1.180
62394 1.180
62395 1.180
62397 1.180
62398 1.180
62399 1.180
62400 1.180
62401 1.180
62402 1.180
62403 1.180
62405 1.180
62406 1.180
62407 1.180
62408 1.180
62409 1.180
62410 1.180
62411 1.180
62412 1.180
62414 1.180
62415 1.180
62416 1.180
62417 1.180
62418 1.180
62419 1.180
62420 1.180
62422 1.180
62423 1.180
62424 1.180
62425 1.181
62426 1.180
62427 1.180
62428 1.180
62429 1.180
62431 1.180
62432 1.180
62433 1.180
62434 1.180
62435 1.181
62436 1.180
62437 1.180
62438 1.181
62440 1.181
62441 1.181
62442 1.181
62443 1.181
62444 1.182
62445 1.181
62446 1.182
62448 1.181
62449 1.182
62450 1.182
62451 1.182
62452 1.182
62453 1.182
62454 1.182
62455 1.182
62457 1.182
62458 1.182
62459 1.182
62460 1.182
62461 1.182
62462 1.182
62463 1.182
62464 1.182
62466 1.182
62467 1.182
62468 1.182
62469 1.182
62470 1.182
62471 1.182
62472 1.182
62474 1.182
62475 1.182
62476 1.182
62477 1.182
62478 1.182
62479 1.182
62480 1.182
62481 1.182
62483 1.182
62484 1.182
62485 1.182
62486 1.182
62487 1.182
62488 1.182
62489 1.182
62490 1.182
62492 1.182
62493 1.182
62494 1.182
62495 1.182
62496 1.182
62497 1.182
62498 1.182
62500 1.182
62501 1.182
62502 1.182
62503 1.182
62504 1.182
62505 1.182
62506 1.182
62507 1.182
62509 1.182
62510 1.182
62511 1.182
62512 1.182
62513 1.182
62514 1.182
62515 1.182
62516 1.182
62518 1.182
62519 1.182
62520 1.182
62521 1.183
62522 1.184
62523 1.183
62524 1.183
62526 1.183
62527 1.182
62528 1.184
62529 1.183
62530 1.184
62531 1.183
62532 1.183
62533 1.184
62535 1.184
62536 1.184
62537 1.184
62538 1.184
62539 1.184
62540 1.184
62541 1.184
62542 1.184
62544 1.184
62545 1.184
62546 1.184
62547 1.184
62548 1.184
62549 1.184
62550 1.184
62552 1.183
62553 1.184
62554 1.184
62555 1.184
62556 1.184
62557 1.184
62558 1.184
62559 1.184
62561 1.184
62562 1.184
62563 1.184
62564 1.184
62565 1.184
62566 1.184
62567 1.184
62568 1.184
62570 1.184
62571 1.184
62572 1.184
62573 1.184
62574 1.184
62575 1.184
62576 1.184
62578 1.184
62579 1.184
62580 1.184
62581 1.184
62582 1.184
62583 1.184
62584 1.184
62585 1.184
62587 1.184
62588 1.184
62589 1.184
62590 1.184
62591 1.184
62592 1.184
62593 1.184
62594 1.184
62596 1.184
62597 1.184
62598 1.184
62599 1.184
62600 1.184
62601 1.184
62602 1.184
62604 1.184
62605 1.184
62606 1.184
62607 1.184
62608 1.184
62609 1.185
62610 1.184
62611 1.184
62613 1.185
62614 1.185
62615 1.185
62616 1.185
62617 1.185
62618 1.185
62619 1.185
62620 1.185
62622 1.185
62623 1.185
62624 1.185
62625 1.185
62626 1.185
62627 1.185
62628 1.185
62630 1.185
62631 1.185
62632 1.185
62633 1.185
62634 1.185
62635 1.185
62636 1.185
62637 1.185
62639 1.185
62640 1.185
62641 1.185
62642 1.185
62643 1.185
62644 1.185
62645 1.185
62646 1.185
62648 1.185
62649 1.185
62650 1.185
62651 1.185
62652 1.185
62653 1.185
62654 1.185
62656 1.185
62657 1.185
62658 1.185
62659 1.185
62660 1.185
62661 1.185
62662 1.185
62663 1.185
62665 1.185
62666 1.185
62667 1.185
62668 1.185
62669 1.185
62670 1.185
62671 1.185
62673 1.185
62674 1.185
62675 1.185
62676 1.185
62677 1.185
62678 1.185
62679 1.185
62680 1.185
62682 1.185
62683 1.185
62684 1.185
62685 1.185
62686 1.185
62687 1.185
62688 1.185
62689 1.186
62691 1.185
62692 1.185
62693 1.185
62694 1.186
62695 1.185
62696 1.186
62698 1.185
62699 1.187
62700 1.185
62701 1.187
62702 1.187
62703 1.186
62704 1.187
62705 1.187
62707 1.187
62708 1.187
62709 1.187
62710 1.187
62711 1.187
62712 1.187
62713 1.187
62714 1.187
62716 1.187
62717 1.187
62718 1.187
62719 1.187
62720 1.187
62721 1.187
62722 1.187
62724 1.187
62725 1.187
62726 1.187
62727 1.187
62728 1.187
62729 1.187
62730 1.187
62731 1.187
62733 1.187
62734 1.187
62735 1.187
62736 1.187
62737 1.187
62738 1.187
62739 1.187
62740 1.187
62742 1.187
62743 1.187
62744 1.187
62745 1.187
62746 1.187
62747 1.187
62748 1.187
62750 1.187
62751 1.187
62752 1.187
62753 1.187
62754 1.187
62755 1.187
62756 1.187
62757 1.187
62759 1.187
62760 1.187
62761 1.187
62762 1.187
62763 1.187
62764 1.187
62765 1.187
62766 1.187
62768 1.187
62769 1.187
62770 1.187
62771 1.187
62772 1.187
62773 1.187
62774 1.187
62776 1.187
62777 1.187
62778 1.188
62779 1.188
62780 1.187
62781 1.187
62782 1.188
62783 1.188
62785 1.189
62786 1.189
62787 1.189
62788 1.188
62789 1.188
62790 1.189
62791 1.189
62792 1.189
62794 1.189
62795 1.189
62796 1.189
62797 1.189
62798 1.189
62799 1.189
62800 1.189
62802 1.189
62803 1.189
62804 1.189
62805 1.189
62806 1.189
62807 1.189
62808 1.189
62809 1.189
62811 1.189
62812 1.189
62813 1.189
62814 1.189
62815 1.189
62816 1.189
62817 1.189
62819 1.189
62820 1.189
62821 1.189
62822 1.189
62823 1.189
62824 1.189
62825 1.189
62826 1.189
62828 1.189
62829 1.189
62830 1.189
62831 1.189
62832 1.189
62833 1.189
62834 1.189
62835 1.189
62837 1.189
62838 1.189
62839 1.189
62840 1.189
62841 1.189
62842 1.189
62843 1.189
62845 1.189
62846 1.189
62847 1.189
62848 1.189
62849 1.189
62850 1.189
62851 1.189
62852 1.189
62854 1.189
62855 1.189
62856 1.189
62857 1.189
62858 1.189
62859 1.189
62860 1.189
62861 1.189
62863 1.189
62864 1.190
62865 1.189
62866 1.190
62867 1.189
62868 1.189
62869 1.190
62871 1.190
62872 1.190
62873 1.190
62874 1.190
62875 1.190
62876 1.190
62877 1.190
62878 1.190
62880 1.190
62881 1.190
62882 1.190
62883 1.190
62884 1.190
62885 1.190
62886 1.190
62887 1.190
62889 1.190
62890 1.190
62891 1.190
62892 1.190
62893 1.190
62894 1.190
62895 1.190
62897 1.190
62898 1.190
62899 1.190
62900 1.190
62901 1.190
62902 1.190
62903 1.190
62904 1.190
62906 1.190
62907 1.190
62908 1.190
62909 1.190
62910 1.190
62911 1.190
62912 1.190
62913 1.190
62915 1.190
62916 1.190
62917 1.190
62918 1.190
62919 1.190
62920 1.190
62921 1.190
62923 1.190
62924 1.190
62925 1.190
62926 1.190
62927 1.190
62928 1.190
62929 1.190
62930 1.190
62932 1.190
62933 1.190
62934 1.190
62935 1.190
62936 1.190
62937 1.190
62938 1.190
62939 1.190
62941 1.190
62942 1.190
62943 1.190
62944 1.190
62945 1.190
62946 1.190
62947 1.190
62949 1.190
62950 1.190
62951 1.190
62952 1.191
62953 1.190
62954 1.190
62955 1.190
62956 1.192
62958 1.191
62959 1.191
62960 1.191
62961 1.191
62962 1.192
62963 1.192
62964 1.191
62965 1.192
62967 1.192
62968 1.192
62969 1.192
62970 1.192
62971 1.192
62972 1.192
62973 1.192
62975 1.192
62976 1.192
62977 1.192
62978 1.192
62979 1.192
62980 1.192
62981 1.192
62982 1.192
62984 1.192
62985 1.192
62986 1.192
62987 1.192
62988 1.192
62989 1.192
62990 1.192
62991 1.192
62993 1.192
62994 1.192
62995 1.192
62996 1.192
62997 1.192
62998 1.192
62999 1.192
63001 1.192
63002 1.192
63003 1.192
63004 1.192
63005 1.192
63006 1.192
63007 1.192
63008 1.192
63010 1.192
63011 1.192
63012 1.192
63013 1.192
63014 1.192
63015 1.192
63016 1.192
63018 1.192
63019 1.192
63020 1.192
63021 1.192
63022 1.192
63023 1.192
63024 1.192
63025 1.192
63027 1.192
63028 1.192
63029 1.192
63030 1.192
63031 1.192
63032 1.192
63033 1.192
63034 1.192
63036 1.192
63037 1.192
63038 1.192
63039 1.192
63040 1.192
63041 1.192
63042 1.192
63044 1.192
63045 1.192
63046 1.192
63047 1.192
63048 1.192
63049 1.192
63050 1.192
63051 1.192
63053 1.192
63054 1.193
63055 1.192
63056 1.192
63057 1.192
63058 1.192
63059 1.192
63060 1.192
63062 1.192
63063 1.192
63064 1.192
63065 1.192
63066 1.193
63067 1.194
63068 1.194
63070 1.192
63071 1.194
63072 1.194
63073 1.194
63074 1.194
63075 1.194
63076 1.194
63077 1.194
63079 1.194
63080 1.194
63081 1.194
63082 1.194
63083 1.194
63084 1.194
63085 1.194
63086 1.194
63088 1.194
63089 1.194
63090 1.194
63091 1.194
63092 1.194
63093 1.194
63094 1.194
63096 1.194
63097 1.194
63098 1.194
63099 1.194
63100 1.194
63101 1.194
63102 1.194
63103 1.194
63105 1.194
63106 1.194
63107 1.194
63108 1.194
63109 1.194
63110 1.194
63111 1.194
63112 1.194
63114 1.194
63115 1.194
63116 1.194
63117 1.194
63118 1.194
63119 1.194
63120 1.194
63122 1.194
63123 1.194
63124 1.194
63125 1.194
63126 1.194
63127 1.194
63128 1.194
63129 1.194
63131 1.194
63132 1.194
63133 1.194
63134 1.194
63135 1.194
63136 1.194
63137 1.194
63138 1.194
63140 1.194
63141 1.194
63142 1.194
63143 1.194
63144 1.194
63145 1.194
63146 1.194
63148 1.194
63149 1.194
63150 1.194
63151 1.194
63152 1.194
63153 1.194
63154 1.194
63155 1.194
63157 1.194
63158 1.194
63159 1.194
63160 1.194
63161 1.194
63162 1.194
63163 1.194
63164 1.194
63166 1.194
63167 1.194
63168 1.194
63169 1.194
63170 1.194
63171 1.194
63172 1.194
63174 1.194
63175 1.195
63176 1.195
63177 1.195
63178 1.195
63179 1.195
63180 1.195
63181 1.195
63183 1.195
63184 1.195
63185 1.195
63186 1.195
63187 1.195
63188 1.195
63189 1.195
63190 1.195
63192 1.195
63193 1.195
63194 1.195
63195 1.195
63196 1.195
63197 1.195
63198 1.195
63200 1.195
63201 1.195
63202 1.195
63203 1.195
63204 1.195
63205 1.195
63206 1.195
63207 1.195
63209 1.195
63210 1.195
63211 1.195
63212 1.195
63213 1.195
63214 1.195
63215 1.195
63217 1.195
63218 1.195
63219 1.195
63220 1.195
63221 1.195
63222 1.195
63223 1.195
63224 1.195
63226 1.195
63227 1.195
63228 1.195
63229 1.195
63230 1.195
63231 1.195
63232 1.195
63233 1.195
63235 1.195
63236 1.195
63237 1.195
63238 1.195
63239 1.195
63240 1.195
63242 1.195
63243 1.195
63244 1.195
63245 1.195
63246 1.195
63247 1.195
63248 1.195
63249 1.195
63251 1.195
63252 1.195
63253 1.195
63254 1.195
63255 1.195
63256 1.195
63257 1.195
63258 1.195
63260 1.195
63261 1.195
63262 1.195
63263 1.195
63264 1.195
63265 1.195
63266 1.195
63268 1.196
63269 1.195
63270 1.195
63271 1.196
63272 1.195
63273 1.197
63274 1.196
63275 1.196
63277 1.196
63278 1.196
63279 1.197
63280 1.196
63281 1.197
63282 1.197
63283 1.197
63284 1.197
63286 1.196
63287 1.197
63288 1.197
63289 1.197
63290 1.197
63291 1.197
63292 1.197
63294 1.197
63295 1.197
63296 1.197
63297 1.197
63298 1.197
63299 1.197
63300 1.197
63301 1.197
63303 1.197
63304 1.197
63305 1.197
63306 1.197
63307 1.197
63308 1.197
63309 1.197
63311 1.197
63312 1.197
63313 1.197
63314 1.197
63315 1.197
63316 1.197
63317 1.197
63318 1.197
63320 1.197
63321 1.197
63322 1.197
63323 1.197
63324 1.197
63325 1.197
63326 1.197
63327 1.197
63329 1.197
63330 1.197
63331 1.197
63332 1.197
63333 1.197
63334 1.198
63335 1.197
63337 1.197
63338 1.197
63339 1.197
63340 1.197
63341 1.197
63342 1.197
63343 1.197
63344 1.197
63346 1.197
63347 1.197
63348 1.197
63349 1.197
63350 1.197
63351 1.197
63352 1.197
63353 1.197
63355 1.197
63356 1.197
63357 1.197
63358 1.197
63359 1.197
63360 1.198
63361 1.197
63363 1.198
63364 1.197
63365 1.198
63366 1.198
63367 1.199
63368 1.198
63369 1.199
63370 1.199
63372 1.199
63373 1.199
63374 1.199
63375 1.199
63376 1.199
63377 1.199
63378 1.198
63379 1.199
63381 1.198
63382 1.199
63383 1.199
63384 1.199
63385 1.199
63386 1.199
63387 1.199
63389 1.199
63390 1.199
63391 1.199
63392 1.199
63393 1.199
63394 1.199
63395 1.199
63396 1.199
63398 1.199
63399 1.199
63400 1.199
63401 1.199
63402 1.199
63403 1.199
63404 1.199
63405 1.199
63407 1.199
63408 1.199
63409 1.199
63410 1.199
63411 1.199
63412 1.199
63413 1.199
63415 1.199
63416 1.199
63417 1.199
63418 1.199
63419 1.199
63420 1.199
63421 1.199
63422 1.199
63424 1.199
63425 1.199
63426 1.199
63427 1.199
63428 1.199
63429 1.199
63430 1.199
63431 1.199
63433 1.199
63434 1.199
63435 1.199
63436 1.199
63437 1.199
63438 1.199
63439 1.199
63441 1.199
63442 1.199
63443 1.199
63444 1.199
63445 1.199
63446 1.199
63447 1.199
63448 1.199
63450 1.199
63451 1.199
63452 1.199
63453 1.199
63454 1.199
63455 1.199
63456 1.199
63457 1.199
63459 1.199
63460 1.199
63461 1.199
63462 1.199
63463 1.199
63464 1.199
63465 1.199
63467 1.199
63468 1.199
63469 1.199
63470 1.199
63471 1.199
63472 1.199
63473 1.200
63474 1.200
63476 1.200
63477 1.200
63478 1.200
63479 1.200
63480 1.200
63481 1.200
63482 1.200
63484 1.200
63485 1.200
63486 1.200
63487 1.200
63488 1.200
63489 1.200
63490 1.200
63491 1.200
63493 1.200
63494 1.200
63495 1.200
63496 1.200
63497 1.200
63498 1.200
63499 1.200
63500 1.200
63502 1.200
63503 1.200
63504 1.200
63505 1.200
63506 1.200
63507 1.200
63508 1.200
63510 1.200
63511 1.200
63512 1.200
63513 1.200
63514 1.200
63515 1.200
63516 1.200
63517 1.200
63519 1.200
63520 1.200
63521 1.200
63522 1.200
63523 1.200
63524 1.200
63525 1.200
63526 1.200
63528 1.200
63529 1.200
63530 1.200
63531 1.200
63532 1.200
63533 1.200
63534 1.200
63536 1.200
63537 1.200
63538 1.200
63539 1.200
63540 1.200
63541 1.200
63542 1.200
63543 1.200
63545 1.200
63546 1.200
63547 1.200
63548 1.200
63549 1.200
63550 1.200
63551 1.200
63552 1.200
63554 1.200
63555 1.200
63556 1.200
63557 1.200
63558 1.200
63559 1.200
63560 1.200
63562 1.200
63563 1.200
63564 1.201
63565 1.200
63566 1.200
63567 1.200
63568 1.200
63569 1.200
63571 1.200
63572 1.200
63573 1.200
63574 1.200
63575 1.200
63576 1.200
63577 1.201
63578 1.200
63580 1.201
63581 1.200
63582 1.201
63583 1.200
63584 1.202
63585 1.200
63586 1.202
63588 1.201
63589 1.201
63590 1.202
63591 1.201
63592 1.201
63593 1.202
63594 1.202
63595 1.202
63597 1.201
63598 1.202
63599 1.202
63600 1.202
63601 1.202
63602 1.202
63603 1.202
63604 1.202
63606 1.202
63607 1.202
63608 1.202
63609 1.202
63610 1.202
63611 1.202
63612 1.202
63614 1.202
63615 1.202
63616 1.202
63617 1.202
63618 1.202
63619 1.202
63620 1.202
63621 1.202
63623 1.201
63624 1.202
63625 1.202
63626 1.202
63627 1.202
63628 1.202
63629 1.202
63630 1.202
63632 1.202
63633 1.202
63634 1.202
63635 1.202
63636 1.202
63637 1.202
63638 1.202
63640 1.202
63641 1.202
63642 1.202
63643 1.202
63644 1.202
63645 1.202
63646 1.202
63647 1.202
63649 1.202
63650 1.202
63651 1.202
63652 1.202
63653 1.202
63654 1.202
63655 1.202
63656 1.202
63658 1.202
63659 1.202
63660 1.202
63661 1.202
63662 1.202
63663 1.202
63664 1.202
63666 1.202
63667 1.202
63668 1.202
63669 1.202
63670 1.202
63671 1.202
63672 1.202
63673 1.202
63675 1.202
63676 1.202
63677 1.202
63678 1.202
63679 1.202
63680 1.202
63681 1.202
63683 1.202
63684 1.202
63685 1.202
63686 1.202
63687 1.202
63688 1.202
63689 1.203
63690 1.203
63692 1.202
63693 1.203
63694 1.203
63695 1.202
63696 1.203
63697 1.204
63698 1.204
63699 1.203
63701 1.204
63702 1.204
63703 1.203
63704 1.204
63705 1.204
63706 1.204
63707 1.204
63709 1.203
63710 1.204
63711 1.204
63712 1.204
63713 1.204
63714 1.204
63715 1.204
63716 1.204
63718 1.204
63719 1.204
63720 1.204
63721 1.204
63722 1.204
63723 1.204
63724 1.204
63725 1.204
63727 1.204
63728 1.204
63729 1.204
63730 1.204
63731 1.204
63732 1.204
63733 1.204
63735 1.204
63736 1.204
63737 1.204
63738 1.204
63739 1.204
63740 1.204
63741 1.204
63742 1.204
63744 1.204
63745 1.204
63746 1.204
63747 1.204
63748 1.204
63749 1.204
63750 1.204
63751 1.204
63753 1.204
63754 1.204
63755 1.204
63756 1.204
63757 1.204
63758 1.204
63759 1.204
63761 1.204
63762 1.204
63763 1.204
63764 1.204
63765 1.204
63766 1.204
63767 1.204
63768 1.204
63770 1.204
63771 1.204
63772 1.204
63773 1.204
63774 1.204
63775 1.204
63776 1.204
63777 1.204
63779 1.204
63780 1.204
63781 1.204
63782 1.204
63783 1.204
63784 1.204
63786 1.204
63787 1.204
63788 1.204
63789 1.204
63790 1.204
63791 1.204
63792 1.204
63793 1.204
63795 1.204
63796 1.204
63797 1.204
63798 1.204
63799 1.204
63800 1.204
63801 1.204
63802 1.204
63804 1.204
63805 1.204
63806 1.204
63807 1.204
63808 1.204
63809 1.204
63810 1.204
63812 1.204
63813 1.204
63814 1.204
63815 1.204
63816 1.205
63817 1.204
63818 1.205
63819 1.204
63821 1.205
63822 1.205
63823 1.205
63824 1.204
63825 1.205
63826 1.205
63827 1.205
63828 1.205
63830 1.205
63831 1.205
63832 1.205
63833 1.205
63834 1.205
63835 1.205
63836 1.205
63838 1.205
63839 1.205
63840 1.205
63841 1.205
63842 1.205
63843 1.205
63844 1.205
63845 1.205
63847 1.205
63848 1.205
63849 1.205
63850 1.205
63851 1.205
63852 1.205
63853 1.205
63854 1.205
63856 1.205
63857 1.205
63858 1.205
63859 1.205
63860 1.205
63861 1.205
63862 1.205
63864 1.205
63865 1.205
63866 1.205
63867 1.205
63868 1.205
63869 1.205
63870 1.205
63871 1.205
63873 1.205
63874 1.205
63875 1.205
63876 1.205
63877 1.205
63878 1.205
63879 1.205
63881 1.205
63882 1.205
63883 1.205
63884 1.205
63885 1.205
63886 1.205
63887 1.205
63888 1.205
63890 1.205
63891 1.205
63892 1.205
63893 1.205
63894 1.205
63895 1.205
63896 1.205
63897 1.205
63899 1.205
63900 1.205
63901 1.205
63902 1.205
63903 1.205
63904 1.205
63905 1.205
63907 1.205
63908 1.205
63909 1.205
63910 1.205
63911 1.205
63912 1.205
63913 1.205
63914 1.205
63916 1.205
63917 1.205
63918 1.205
63919 1.205
63920 1.205
63921 1.205
63922 1.205
63923 1.205
63925 1.205
63926 1.205
63927 1.207
63928 1.205
63929 1.205
63930 1.206
63931 1.207
63933 1.206
63934 1.206
63935 1.206
63936 1.207
63937 1.206
63938 1.207
63939 1.206
63940 1.207
63942 1.207
63943 1.207
63944 1.207
63945 1.206
63946 1.207
63947 1.207
63948 1.207
63949 1.207
63951 1.207
63952 1.207
63953 1.207
63954 1.207
63955 1.207
63956 1.207
63957 1.207
63959 1.207
63960 1.207
63961 1.207
63962 1.207
63963 1.207
63964 1.207
63965 1.207
63966 1.207
63968 1.207
63969 1.207
63970 1.207
63971 1.207
63972 1.207
63973 1.207
63974 1.207
63975 1.207
63977 1.207
63978 1.207
63979 1.207
63980 1.207
63981 1.207
63982 1.207
63983 1.207
63985 1.207
63986 1.207
63987 1.207
63988 1.207
63989 1.207
63990 1.207
63991 1.207
63992 1.207
63994 1.207
63995 1.207
63996 1.207
63997 1.207
63998 1.207
63999 1.207
64000 1.207
64001 1.207
64003 1.207
64004 1.207
64005 1.207
64006 1.207
64007 1.207
64008 1.207
64009 1.207
64011 1.207
64012 1.207
64013 1.207
64014 1.207
64015 1.207
64016 1.207
64017 1.207
64018 1.207
64020 1.207
64021 1.207
64022 1.207
64023 1.207
64024 1.207
64025 1.207
64026 1.207
64027 1.207
64029 1.207
64030 1.207
64031 1.207
64032 1.207
64033 1.207
64034 1.207
64035 1.207
64037 1.207
64038 1.207
64039 1.207
64040 1.207
64041 1.209
64042 1.207
64043 1.208
64044 1.207
64046 1.207
64047 1.209
64048 1.208
64049 1.207
64050 1.208
64051 1.209
64052 1.208
64053 1.208
64055 1.209
64056 1.209
64057 1.209
64058 1.208
64059 1.209
64060 1.209
64061 1.209
64063 1.209
64064 1.209
64065 1.209
64066 1.209
64067 1.209
64068 1.209
64069 1.209
64070 1.209
64072 1.209
64073 1.209
64074 1.209
64075 1.209
64076 1.209
64077 1.209
64078 1.209
64080 1.209
64081 1.209
64082 1.209
64083 1.209
64084 1.209
64085 1.209
64086 1.209
64087 1.209
64089 1.209
64090 1.209
64091 1.209
64092 1.209
64093 1.209
64094 1.209
64095 1.209
64096 1.209
64098 1.209
64099 1.209
64100 1.209
64101 1.209
64102 1.209
64103 1.209
64104 1.209
64106 1.209
64107 1.209
64108 1.209
64109 1.209
64110 1.209
64111 1.209
64112 1.209
64113 1.209
64115 1.209
64116 1.209
64117 1.209
64118 1.209
64119 1.209
64120 1.209
64121 1.209
64122 1.209
64124 1.209
64125 1.209
64126 1.209
64127 1.209
64128 1.209
64129 1.209
64130 1.209
64132 1.209
64133 1.209
64134 1.209
64135 1.209
64136 1.209
64137 1.209
64138 1.209
64139 1.209
64141 1.209
64142 1.209
64143 1.209
64144 1.209
64145 1.209
64146 1.209
64147 1.209
64148 1.209
64150 1.209
64151 1.209
64152 1.209
64153 1.209
64154 1.209
64155 1.209
64156 1.209
64158 1.209
64159 1.209
64160 1.209
64161 1.209
64162 1.209
64163 1.209
64164 1.209
64165 1.209
64167 1.209
64168 1.209
64169 1.209
64170 1.209
64171 1.210
64172 1.209
64173 1.209
64174 1.209
64176 1.209
64177 1.209
64178 1.209
64179 1.209
64180 1.209
64181 1.209
64182 1.210
64184 1.210
64185 1.209
64186 1.210
64187 1.210
64188 1.210
64189 1.210
64190 1.210
64191 1.210
64193 1.209
64194 1.210
64195 1.210
64196 1.210
64197 1.210
64198 1.210
64199 1.210
64201 1.210
64202 1.210
64203 1.209
64204 1.210
64205 1.210
64206 1.210
64207 1.210
64208 1.210
64210 1.210
64211 1.210
64212 1.210
64213 1.210
64214 1.210
64215 1.210
64216 1.210
64217 1.210
64219 1.210
64220 1.210
64221 1.210
64222 1.210
64223 1.210
64224 1.210
64225 1.210
64227 1.210
64228 1.210
64229 1.210
64230 1.210
64231 1.210
64232 1.210
64233 1.210
64234 1.210
64236 1.210
64237 1.210
64238 1.210
64239 1.210
64240 1.210
64241 1.210
64242 1.210
64243 1.210
64245 1.210
64246 1.210
64247 1.210
64248 1.210
64249 1.210
64250 1.210
64251 1.210
64253 1.210
64254 1.210
64255 1.210
64256 1.210
64257 1.210
64258 1.210
64259 1.210
64260 1.210
64262 1.210
64263 1.210
64264 1.210
64265 1.210
64266 1.210
64267 1.210
64268 1.210
64269 1.210
64271 1.210
64272 1.210
64273 1.210
64274 1.210
64275 1.210
64276 1.210
64277 1.210
64279 1.210
64280 1.210
64281 1.210
64282 1.211
64283 1.210
64284 1.210
64285 1.210
64286 1.210
64288 1.210
64289 1.210
64290 1.211
64291 1.210
64292 1.210
64293 1.210
64294 1.210
64295 1.210
64297 1.210
64298 1.210
64299 1.210
64300 1.210
64301 1.210
64302 1.210
64303 1.212
64305 1.211
64306 1.211
64307 1.211
64308 1.211
64309 1.211
64310 1.210
64311 1.211
64312 1.211
64314 1.211
64315 1.212
64316 1.210
64317 1.211
64318 1.212
64319 1.210
64320 1.212
64321 1.212
64323 1.211
64324 1.212
64325 1.212
64326 1.212
64327 1.212
64328 1.212
64330 1.212
64331 1.212
64332 1.212
64333 1.212
64334 1.212
64335 1.212
64336 1.212
64337 1.212
64339 1.212
64340 1.212
64341 1.212
64342 1.212
64343 1.212
64344 1.212
64345 1.212
64347 1.212
64348 1.212
64349 1.212
64350 1.212
64351 1.212
64352 1.212
64353 1.212
64354 1.212
64356 1.212
64357 1.212
64358 1.212
64359 1.212
64360 1.212
64361 1.212
64362 1.212
64363 1.212
64365 1.212
64366 1.212
64367 1.212
64368 1.212
64369 1.212
64370 1.212
64371 1.212
64373 1.212
64374 1.212
64375 1.212
64376 1.212
64377 1.212
64378 1.212
64379 1.212
64380 1.212
64382 1.212
64383 1.212
64384 1.212
64385 1.212
64386 1.212
64387 1.212
64388 1.212
64389 1.212
64391 1.212
64392 1.212
64393 1.212
64394 1.212
64395 1.212
64396 1.212
64397 1.212
64399 1.212
64400 1.212
64401 1.212
64402 1.212
64403 1.212
64404 1.212
64405 1.212
64406 1.212
64408 1.212
64409 1.212
64410 1.212
64411 1.212
64412 1.212
64413 1.212
64414 1.212
64415 1.212
64417 1.212
64418 1.213
64419 1.212
64420 1.212
64421 1.212
64422 1.212
64423 1.212
64425 1.212
64426 1.212
64427 1.212
64428 1.212
64429 1.214
64430 1.212
64431 1.212
64432 1.213
64434 1.212
64435 1.212
64436 1.213
64437 1.213
64438 1.213
64439 1.213
64440 1.213
64441 1.213
64443 1.213
64444 1.214
64445 1.214
64446 1.212
64447 1.213
64448 1.213
64449 1.214
64451 1.214
64452 1.214
64453 1.214
64454 1.214
64455 1.214
64456 1.214
64457 1.214
64458 1.214
64460 1.214
64461 1.214
64462 1.214
64463 1.214
64464 1.214
64465 1.214
64466 1.214
64467 1.214
64469 1.214
64470 1.214
64471 1.214
64472 1.214
64473 1.214
64474 1.214
64475 1.213
64477 1.214
64478 1.214
64479 1.214
64480 1.214
64481 1.214
64482 1.214
64483 1.214
64484 1.214
64486 1.214
64487 1.214
64488 1.214
64489 1.214
64490 1.214
64491 1.214
64492 1.214
64493 1.214
64495 1.214
64496 1.214
64497 1.214
64498 1.214
64499 1.214
64500 1.214
64501 1.214
64503 1.214
64504 1.214
64505 1.214
64506 1.214
64507 1.214
64508 1.214
64509 1.214
64510 1.214
64512 1.214
64513 1.214
64514 1.214
64515 1.214
64516 1.214
64517 1.214
64518 1.214
64520 1.214
64521 1.214
64522 1.214
64523 1.214
64524 1.214
64525 1.214
64526 1.214
64527 1.214
64529 1.214
64530 1.214
64531 1.214
64532 1.214
64533 1.214
64534 1.214
64535 1.214
64536 1.214
64538 1.214
64539 1.214
64540 1.214
64541 1.214
64542 1.214
64543 1.214
64544 1.214
64546 1.214
64547 1.214
64548 1.214
64549 1.214
64550 1.214
64551 1.214
64552 1.214
64553 1.214
64555 1.214
64556 1.214
64557 1.214
64558 1.214
64559 1.214
64560 1.214
64561 1.214
64562 1.214
64564 1.214
64565 1.214
64566 1.214
64567 1.214
64568 1.214
64569 1.214
64570 1.214
64572 1.214
64573 1.214
64574 1.214
64575 1.214
64576 1.214
64577 1.214
64578 1.214
64579 1.214
64581 1.214
64582 1.214
64583 1.215
64584 1.214
64585 1.214
64586 1.215
64587 1.215
64588 1.214
64590 1.214
64591 1.215
64592 1.215
64593 1.215
64594 1.215
64595 1.215
64596 1.215
64598 1.215
64599 1.215
64600 1.215
64601 1.215
64602 1.215
64603 1.215
64604 1.215
64605 1.215
64607 1.215
64608 1.215
64609 1.215
64610 1.215
64611 1.215
64612 1.215
64613 1.215
64614 1.215
64616 1.215
64617 1.215
64618 1.215
64619 1.215
64620 1.215
64621 1.215
64622 1.215
64624 1.215
64625 1.215
64626 1.215
64627 1.215
64628 1.215
64629 1.215
64630 1.215
64631 1.215
64633 1.215
64634 1.215
64635 1.215
64636 1.215
64637 1.215
64638 1.215
64639 1.215
64640 1.215
64642 1.215
64643 1.215
64644 1.215
64645 1.215
64646 1.215
64647 1.215
64648 1.215
64650 1.215
64651 1.215
64652 1.215
64653 1.215
64654 1.215
64655 1.215
64656 1.215
64657 1.215
64659 1.215
64660 1.215
64661 1.215
64662 1.215
64663 1.215
64664 1.215
64665 1.215
64666 1.215
64668 1.215
64669 1.215
64670 1.215
64671 1.215
64672 1.215
64673 1.215
64674 1.215
64676 1.215
64677 1.215
64678 1.215
64679 1.215
64680 1.215
64681 1.215
64682 1.215
64683 1.215
64685 1.215
64686 1.215
64687 1.215
64688 1.215
64689 1.215
64690 1.215
64691 1.215
64693 1.215
64694 1.215
64695 1.215
64696 1.215
64697 1.216
64698 1.215
64699 1.215
64700 1.215
64702 1.215
64703 1.216
64704 1.216
64705 1.216
64706 1.215
64707 1.215
64708 1.216
64709 1.217
64711 1.215
64712 1.217
64713 1.217
64714 1.217
64715 1.216
64716 1.217
64717 1.217
64719 1.217
64720 1.216
64721 1.216
64722 1.217
64723 1.217
64724 1.217
64725 1.217
64726 1.217
64728 1.217
64729 1.217
64730 1.217
64731 1.217
64732 1.217
64733 1.217
64734 1.217
64735 1.217
64737 1.217
64738 1.217
64739 1.217
64740 1.217
64741 1.217
64742 1.217
64743 1.217
64745 1.217
64746 1.217
64747 1.217
64748 1.217
64749 1.217
64750 1.217
64751 1.217
64752 1.217
64754 1.217
64755 1.217
64756 1.217
64757 1.217
64758 1.217
64759 1.217
64760 1.217
64761 1.217
64763 1.217
64764 1.217
64765 1.217
64766 1.217
64767 1.217
64768 1.217
64769 1.217
64771 1.217
64772 1.217
64773 1.217
64774 1.217
64775 1.217
64776 1.217
64777 1.217
64778 1.217
64780 1.217
64781 1.217
64782 1.217
64783 1.217
64784 1.217
64785 1.217
64786 1.217
64787 1.217
64789 1.217
64790 1.217
64791 1.217
64792 1.217
64793 1.217
64794 1.217
64795 1.217
64797 1.217
64798 1.217
64799 1.217
64800 1.217
64801 1.217
64802 1.217
64803 1.217
64804 1.217
64806 1.217
64807 1.217
64808 1.217
64809 1.217
64810 1.217
64811 1.217
64812 1.217
64813 1.217
64815 1.217
64816 1.217
64817 1.217
64818 1.217
64819 1.217
64820 1.217
64821 1.217
64823 1.217
64824 1.217
64825 1.217
64826 1.217
64827 1.217
64828 1.217
64829 1.217
64830 1.217
64832 1.217
64833 1.217
64834 1.217
64835 1.217
64836 1.217
64837 1.217
64838 1.217
64840 1.217
64841 1.217
64842 1.217
64843 1.217
64844 1.217
64845 1.218
64846 1.217
64847 1.217
64849 1.217
64850 1.217
64851 1.218
64852 1.217
64853 1.218
64854 1.217
64855 1.217
64856 1.217
64858 1.217
64859 1.218
64860 1.218
64861 1.219
64862 1.217
64863 1.217
64864 1.219
64866 1.219
64867 1.218
64868 1.219
64869 1.219
64870 1.218
64871 1.219
64872 1.219
64873 1.219
64875 1.219
64876 1.219
64877 1.218
64878 1.219
64879 1.219
64880 1.219
64881 1.219
64883 1.219
64884 1.219
64885 1.219
64886 1.219
64887 1.219
64888 1.219
64889 1.219
64891 1.219
64892 1.219
64893 1.219
64894 1.219
64895 1.219
64896 1.219
64897 1.219
64898 1.219
64900 1.219
64901 1.219
64902 1.219
64903 1.219
64904 1.219
64905 1.219
64906 1.219
64907 1.219
64909 1.219
64910 1.219
64911 1.219
64912 1.219
64913 1.219
64914 1.219
64915 1.219
64917 1.219
64918 1.219
64919 1.219
64920 1.219
64921 1.219
64922 1.219
64923 1.219
64924 1.219
64926 1.219
64927 1.219
64928 1.219
64929 1.219
64930 1.219
64931 1.219
64932 1.219
64933 1.219
64935 1.219
64936 1.219
64937 1.219
64938 1.219
64939 1.219
64940 1.219
64941 1.219
64943 1.219
64944 1.219
64945 1.219
64946 1.219
64947 1.219
64948 1.219
64949 1.219
64950 1.219
64952 1.219
64953 1.219
64954 1.219
64955 1.219
64956 1.219
64957 1.219
64958 1.219
64959 1.219
64961 1.219
64962 1.219
64963 1.219
64964 1.219
64965 1.219
64966 1.219
64967 1.219
64969 1.219
64970 1.219
64971 1.219
64972 1.219
64973 1.219
64974 1.219
64975 1.219
64976 1.219
64978 1.219
64979 1.219
64980 1.219
64981 1.219
64982 1.219
64983 1.219
64984 1.219
64986 1.219
64987 1.219
64988 1.219
64989 1.219
64990 1.219
64991 1.219
64992 1.219
64993 1.219
64995 1.219
64996 1.219
64997 1.219
64998 1.219
64999 1.219
65000 1.219
65001 1.219
65002 1.219
65004 1.219
65005 1.219
65006 1.219
65007 1.219
65008 1.219
65009 1.219
65010 1.219
65012 1.219
65013 1.219
65014 1.219
65015 1.219
65016 1.219
65017 1.219
65018 1.219
65019 1.219
65021 1.219
65022 1.219
65023 1.220
65024 1.220
65025 1.219
65026 1.220
65027 1.219
65028 1.220
65030 1.219
65031 1.220
65032 1.220
65033 1.220
65034 1.220
65035 1.220
65036 1.220
65038 1.220
65039 1.219
65040 1.220
65041 1.220
65042 1.219
65043 1.220
65044 1.220
65045 1.219
65047 1.220
65048 1.220
65049 1.220
65050 1.220
65051 1.220
65052 1.220
65053 1.220
65054 1.220
65056 1.220
65057 1.220
65058 1.220
65059 1.220
65060 1.220
65061 1.220
65062 1.220
65064 1.220
65065 1.220
65066 1.220
65067 1.220
65068 1.220
65069 1.220
65070 1.220
65071 1.220
65073 1.220
65074 1.220
65075 1.220
65076 1.220
65077 1.220
65078 1.220
65079 1.220
65080 1.220
65082 1.220
65083 1.220
65084 1.220
65085 1.220
65086 1.220
65087 1.220
65088 1.220
65090 1.220
65091 1.220
65092 1.220
65093 1.220
65094 1.220
65095 1.220
65096 1.220
65097 1.220
65099 1.220
65100 1.220
65101 1.220
65102 1.220
65103 1.220
65104 1.220
65105 1.220
65106 1.220
65108 1.220
65109 1.220
65110 1.220
65111 1.220
65112 1.220
65113 1.220
65114 1.220
65116 1.220
65117 1.220
65118 1.220
65119 1.220
65120 1.220
65121 1.220
65122 1.220
65123 1.220
65125 1.220
65126 1.220
65127 1.220
65128 1.220
65129 1.220
65130 1.220
65131 1.220
65132 1.220
65134 1.220
65135 1.220
65136 1.220
65137 1.220
65138 1.220
65139 1.220
65140 1.220
65142 1.220
65143 1.220
65144 1.220
65145 1.220
65146 1.220
65147 1.220
65148 1.220
65149 1.220
65151 1.220
65152 1.220
65153 1.220
65154 1.220
65155 1.220
65156 1.220
65157 1.220
65159 1.220
65160 1.220
65161 1.220
65162 1.220
65163 1.220
65164 1.220
65165 1.220
65166 1.220
65168 1.220
65169 1.220
65170 1.220
65171 1.221
65172 1.221
65173 1.220
65174 1.220
65175 1.220
65177 1.220
65178 1.221
65179 1.221
65180 1.221
65181 1.220
65182 1.222
65183 1.220
65185 1.221
65186 1.220
65187 1.222
65188 1.222
65189 1.222
65190 1.222
65191 1.220
65192 1.222
65194 1.221
65195 1.222
65196 1.222
65197 1.221
65198 1.222
65199 1.221
65200 1.222
65201 1.222
65203 1.222
65204 1.222
65205 1.222
65206 1.222
65207 1.222
65208 1.222
65209 1.222
65211 1.222
65212 1.222
65213 1.222
65214 1.222
65215 1.222
65216 1.222
65217 1.222
65218 1.222
65220 1.222
65221 1.222
65222 1.222
65223 1.222
65224 1.222
65225 1.222
65226 1.222
65227 1.222
65229 1.222
65230 1.222
65231 1.222
65232 1.222
65233 1.222
65234 1.222
65235 1.222
65237 1.222
65238 1.222
65239 1.222
65240 1.222
65241 1.222
65242 1.222
65243 1.222
65244 1.222
65246 1.222
65247 1.222
65248 1.222
65249 1.222
65250 1.222
65251 1.222
65252 1.222
65253 1.222
65255 1.222
65256 1.222
65257 1.222
65258 1.222
65259 1.222
65260 1.222
65261 1.222
65263 1.222
65264 1.222
65265 1.222
65266 1.222
65267 1.222
65268 1.222
65269 1.222
65270 1.222
65272 1.222
65273 1.222
65274 1.222
65275 1.222
65276 1.222
65277 1.222
65278 1.222
65279 1.222
65281 1.222
65282 1.222
65283 1.222
65284 1.222
65285 1.222
65286 1.222
65287 1.222
65289 1.222
65290 1.222
65291 1.222
65292 1.222
65293 1.222
65294 1.222
65295 1.222
65296 1.222
65298 1.222
65299 1.222
65300 1.222
65301 1.222
65302 1.222
65303 1.222
65304 1.222
65305 1.222
65307 1.222
65308 1.222
65309 1.222
65310 1.222
65311 1.222
65312 1.222
65313 1.222
65315 1.222
65316 1.222
65317 1.222
65318 1.222
65319 1.222
65320 1.222
65321 1.222
65322 1.222
65324 1.222
65325 1.222
65326 1.222
65327 1.222
65328 1.222
65329 1.222
65330 1.222
65332 1.222
65333 1.222
65334 1.222
65335 1.222
65336 1.222
65337 1.222
65338 1.222
65339 1.222
65341 1.223
65342 1.222
65343 1.222
65344 1.222
65345 1.222
65346 1.223
65347 1.223
65348 1.224
65350 1.223
65351 1.223
65352 1.222
65353 1.222
65354 1.223
65355 1.222
65356 1.223
65358 1.224
65359 1.224
65360 1.224
65361 1.223
65362 1.224
65363 1.224
65364 1.224
65365 1.224
65367 1.224
65368 1.224
65369 1.224
65370 1.224
65371 1.223
65372 1.224
65373 1.224
65374 1.223
65376 1.224
65377 1.224
65378 1.224
65379 1.224
65380 1.224
65381 1.224
65382 1.224
65384 1.224
65385 1.224
65386 1.224
65387 1.224
65388 1.224
65389 1.224
65390 1.224
65391 1.224
65393 1.224
65394 1.224
65395 1.224
65396 1.224
65397 1.224
65398 1.224
65399 1.224
65400 1.224
65402 1.224
65403 1.224
65404 1.224
65405 1.224
65406 1.224
65407 1.224
65408 1.224
65410 1.224
65411 1.224
65412 1.224
65413 1.224
65414 1.224
65415 1.224
65416 1.224
65417 1.224
65419 1.224
65420 1.224
65421 1.224
65422 1.224
65423 1.224
65424 1.224
65426 1.224
65427 1.224
65428 1.224
65429 1.224
65430 1.224
65431 1.224
65432 1.224
65433 1.224
65435 1.224
65436 1.224
65437 1.224
65438 1.224
65439 1.224
65440 1.224
65441 1.224
65442 1.224
65444 1.224
65445 1.224
65446 1.224
65447 1.224
65448 1.224
65449 1.224
65450 1.224
65452 1.224
65453 1.224
65454 1.224
65455 1.224
65456 1.224
65457 1.224
65458 1.224
65459 1.224
65461 1.224
65462 1.224
65463 1.224
65464 1.224
65465 1.224
65466 1.224
65467 1.224
65468 1.224
65470 1.224
65471 1.224
65472 1.224
65473 1.224
65474 1.224
65475 1.224
65476 1.224
65478 1.224
65479 1.224
65480 1.224
65481 1.224
65482 1.224
65483 1.224
65484 1.224
65485 1.224
65487 1.224
65488 1.224
65489 1.224
65490 1.224
65491 1.225
65492 1.224
65493 1.224
65494 1.224
65496 1.224
65497 1.224
65498 1.224
65499 1.224
65500 1.224
65501 1.224
65502 1.224
65504 1.224
65505 1.224
65506 1.225
65507 1.224
65508 1.225
65509 1.224
65510 1.224
65511 1.224
65513 1.225
65514 1.225
65515 1.225
65516 1.224
65517 1.225
65518 1.225
65519 1.225
