# Este conjunto de dados, denominado CargaPilhasAA, é composto por vários arquivos com dados de descarga e de recuperação de pilhas AA de diversos fabricantes. Estes dados são distribuídos sob licença Creative Commons Attribution 4.0 (CC-BY). <http://creativecommons.org/licenses/by/4.0/>
# This dataset, named CargaPilhasAA, is composed of several files with discharge and recovery of AA batteries from several manufacturers. This dataset is licensed under a Creative Commons Attribution 4.0 International License (CC-BY). <http://creativecommons.org/licenses/by/4.0/>
# Galileu H. Oliveira, Rio de Janeiro, Brasil. Jan/2023.
# Fabricante: BR55
# Tipo: comum
# Exemplar: 2
# Processo: recuperação
# Corrente: 0 mA
# tempo (segundos)  tensão (volts)
Time  B2
61540 0.696
61541 0.807
61542 0.818
61543 0.825
61544 0.833
61545 0.838
61547 0.844
61548 0.850
61549 0.855
61550 0.860
61551 0.864
61552 0.869
61553 0.872
61555 0.876
61556 0.879
61557 0.882
61558 0.886
61559 0.889
61560 0.892
61561 0.894
61562 0.897
61564 0.900
61565 0.901
61566 0.904
61567 0.906
61568 0.908
61569 0.910
61570 0.912
61571 0.914
61573 0.916
61574 0.917
61575 0.919
61576 0.921
61577 0.922
61578 0.924
61579 0.925
61580 0.926
61582 0.928
61583 0.929
61584 0.930
61585 0.931
61586 0.933
61587 0.934
61588 0.935
61589 0.936
61591 0.937
61592 0.938
61593 0.940
61594 0.940
61595 0.941
61596 0.943
61597 0.943
61598 0.945
61600 0.945
61601 0.946
61603 0.947
61605 0.949
61607 0.950
61610 0.952
61612 0.953
61614 0.955
61616 0.956
61619 0.957
61621 0.959
61623 0.960
61625 0.961
61628 0.962
61630 0.963
61632 0.965
61634 0.965
61636 0.966
61639 0.968
61641 0.969
61643 0.970
61645 0.970
61648 0.971
61650 0.972
61652 0.973
61654 0.974
61657 0.975
61659 0.976
61661 0.976
61663 0.977
61668 0.979
61672 0.980
61677 0.981
61681 0.983
61685 0.984
61690 0.986
61694 0.987
61699 0.988
61703 0.989
61708 0.990
61712 0.992
61717 0.993
61721 0.994
61725 0.995
61734 0.997
61743 0.999
61752 1.001
61761 1.003
61770 1.005
61779 1.007
61788 1.008
61805 1.011
61823 1.014
61841 1.017
61858 1.020
61894 1.024
61929 1.029
62000 1.036
62100 1.046
62199 1.056
62299 1.065
62398 1.073
62498 1.081
62597 1.087
62697 1.093
62796 1.099
62896 1.104
62996 1.109
63095 1.114
63195 1.118
63294 1.123
63394 1.127
63493 1.131
63593 1.134
63692 1.138
63792 1.141
63892 1.144
63991 1.147
64091 1.150
64190 1.153
64290 1.156
64389 1.159
64489 1.161
64588 1.164
64688 1.166
64788 1.168
64887 1.171
64987 1.173
65086 1.175
65186 1.178
65285 1.180
65385 1.181
65484 1.183
65584 1.185
65684 1.187
65783 1.189
65883 1.191
65982 1.192
66082 1.194
66181 1.195
66281 1.197
66380 1.199
66480 1.200
66580 1.201
66679 1.203
66779 1.204
66878 1.205
66978 1.207
67077 1.208
67177 1.209
67276 1.210
67376 1.211
67475 1.212
67575 1.214
67675 1.214
67774 1.215
67874 1.217
