# Este conjunto de dados, denominado CargaPilhasAA, é composto por vários arquivos com dados de descarga e de recuperação de pilhas AA de diversos fabricantes. Estes dados são distribuídos sob licença Creative Commons Attribution 4.0 (CC-BY). <http://creativecommons.org/licenses/by/4.0/>
# This dataset, named CargaPilhasAA, is composed of several files with discharge and recovery of AA batteries from several manufacturers. This dataset is licensed under a Creative Commons Attribution 4.0 International License (CC-BY). <http://creativecommons.org/licenses/by/4.0/>
# Galileu H. Oliveira, Rio de Janeiro, Brasil. Jan/2023.
# Fabricante: BR55
# Tipo: comum
# Exemplar: 2
# Processo: descarga
# Corrente: 50 mA
# tempo (segundos)  tensão (volts)
Time B2
0 1.640
2 1.593
3 1.548
4 1.550
5 1.551
6 1.551
7 1.552
8 1.552
9 1.552
11 1.552
12 1.552
13 1.552
14 1.552
15 1.553
16 1.552
17 1.552
18 1.552
20 1.552
21 1.552
22 1.552
23 1.552
24 1.552
25 1.552
26 1.552
27 1.552
29 1.552
30 1.552
31 1.552
32 1.552
34 1.552
36 1.552
39 1.551
41 1.551
43 1.551
45 1.551
48 1.551
50 1.551
52 1.551
54 1.551
56 1.549
59 1.549
61 1.549
63 1.549
65 1.549
68 1.549
70 1.549
72 1.547
74 1.547
77 1.547
79 1.547
81 1.547
83 1.547
85 1.546
88 1.546
90 1.546
92 1.546
94 1.546
99 1.546
103 1.544
108 1.544
112 1.544
117 1.544
121 1.542
125 1.542
130 1.542
134 1.541
139 1.541
143 1.541
148 1.541
152 1.540
157 1.539
165 1.539
174 1.538
183 1.537
192 1.536
201 1.536
210 1.534
219 1.534
236 1.533
254 1.531
272 1.529
289 1.528
325 1.526
360 1.523
431 1.519
531 1.513
630 1.507
730 1.501
829 1.495
929 1.490
1028 1.484
1128 1.480
1227 1.476
1327 1.471
1427 1.467
1526 1.463
1626 1.460
1725 1.456
1825 1.453
1924 1.450
2024 1.447
2123 1.444
2223 1.441
2322 1.439
2422 1.436
2522 1.433
2621 1.431
2721 1.429
2820 1.426
2920 1.424
3019 1.422
3119 1.420
3218 1.418
3318 1.416
3418 1.413
3517 1.412
3617 1.410
3716 1.408
3816 1.406
3915 1.404
4015 1.402
4114 1.400
4214 1.399
4313 1.397
4413 1.396
4513 1.395
4612 1.393
4712 1.392
4811 1.391
4911 1.390
5010 1.388
5110 1.387
5209 1.386
5309 1.384
5408 1.383
5508 1.381
5608 1.380
5707 1.379
5807 1.378
5906 1.376
6006 1.376
6105 1.375
6205 1.375
6304 1.374
6404 1.373
6504 1.373
6603 1.372
6703 1.371
6802 1.371
6902 1.371
7001 1.370
7101 1.370
7200 1.368
7300 1.368
7399 1.368
7499 1.366
7599 1.366
7698 1.365
7798 1.365
7897 1.365
7997 1.363
8096 1.363
8196 1.362
8295 1.361
8395 1.361
8494 1.360
8594 1.360
8694 1.358
8793 1.358
8893 1.357
8992 1.356
9092 1.355
9191 1.355
9291 1.354
9390 1.353
9490 1.353
9589 1.351
9689 1.351
9789 1.350
9888 1.350
9988 1.348
10087 1.348
10187 1.347
10286 1.346
10386 1.345
10485 1.345
10585 1.344
10685 1.343
10784 1.343
10884 1.341
10983 1.341
11083 1.340
11182 1.339
11282 1.338
11381 1.338
11481 1.337
11580 1.336
11680 1.336
11780 1.335
11879 1.335
11979 1.334
12078 1.333
12178 1.333
12277 1.332
12377 1.331
12476 1.331
12576 1.330
12676 1.330
12775 1.329
12875 1.328
12974 1.328
13074 1.328
13173 1.327
13273 1.326
13372 1.326
13472 1.325
13572 1.325
13671 1.324
13771 1.323
13870 1.323
13970 1.323
14069 1.321
14169 1.321
14268 1.321
14368 1.320
14467 1.320
14567 1.320
14667 1.318
14766 1.318
14866 1.317
14965 1.317
15065 1.317
15164 1.316
15264 1.315
15363 1.315
15463 1.314
15563 1.313
15662 1.313
15762 1.313
15861 1.312
15961 1.312
16060 1.311
16160 1.310
16259 1.310
16359 1.310
16458 1.308
16558 1.308
16658 1.308
16757 1.307
16857 1.307
16956 1.307
17056 1.305
17155 1.305
17255 1.305
17354 1.304
17454 1.303
17554 1.303
17653 1.302
17753 1.302
17852 1.302
17952 1.301
18051 1.300
18151 1.300
18250 1.299
18350 1.298
18450 1.298
18549 1.298
18649 1.297
18748 1.297
18848 1.297
18947 1.296
19047 1.295
19146 1.295
19246 1.295
19345 1.294
19445 1.293
19545 1.293
19644 1.293
19744 1.292
19843 1.292
19943 1.292
20042 1.290
20142 1.290
20241 1.290
20341 1.289
20441 1.288
20540 1.288
20640 1.288
20739 1.287
20839 1.287
20938 1.287
21038 1.286
21137 1.285
21237 1.285
21336 1.285
21436 1.283
21536 1.283
21635 1.283
21735 1.282
21834 1.282
21934 1.282
22033 1.281
22133 1.280
22232 1.280
22332 1.280
22431 1.279
22531 1.278
22631 1.278
22730 1.278
22830 1.277
22929 1.277
23029 1.276
23128 1.275
23228 1.275
23327 1.274
23427 1.273
23527 1.273
23626 1.272
23726 1.272
23825 1.272
23925 1.272
24024 1.270
24124 1.270
24223 1.270
24323 1.270
24422 1.269
24522 1.268
24622 1.268
24721 1.267
24821 1.267
24920 1.267
25020 1.265
25119 1.265
25219 1.265
25318 1.264
25418 1.263
25518 1.263
25617 1.263
25717 1.262
25816 1.262
25916 1.261
26015 1.260
26115 1.260
26215 1.259
26314 1.258
26414 1.258
26513 1.257
26613 1.257
26712 1.257
26812 1.256
26911 1.255
27011 1.255
27111 1.255
27210 1.254
27310 1.253
27409 1.253
27509 1.253
27608 1.253
27708 1.252
27807 1.252
27907 1.252
28007 1.252
28106 1.250
28206 1.250
28305 1.250
28405 1.250
28504 1.249
28604 1.248
28703 1.248
28803 1.247
28902 1.247
29002 1.247
29102 1.247
29201 1.246
29301 1.245
29400 1.245
29500 1.244
29599 1.243
29699 1.243
29798 1.243
29898 1.242
29998 1.242
30097 1.242
30197 1.241
30296 1.240
30396 1.240
30495 1.240
30595 1.239
30694 1.238
30794 1.238
30893 1.238
30993 1.237
31093 1.237
31192 1.237
31292 1.236
31391 1.235
31491 1.235
31590 1.235
31690 1.234
31789 1.233
31889 1.233
31989 1.232
32088 1.232
32188 1.232
32287 1.231
32387 1.230
32486 1.230
32586 1.230
32685 1.229
32785 1.229
32884 1.228
32984 1.227
33084 1.227
33183 1.227
33283 1.226
33382 1.225
33482 1.225
33581 1.224
33681 1.224
33780 1.224
33880 1.223
33980 1.222
34079 1.222
34179 1.221
34278 1.220
34378 1.220
34477 1.220
34577 1.219
34676 1.219
34776 1.217
34875 1.217
34975 1.216
35075 1.215
35174 1.214
35274 1.214
35373 1.214
35473 1.213
35572 1.212
35672 1.212
35771 1.212
35871 1.210
35971 1.210
36070 1.210
36170 1.209
36269 1.209
36369 1.208
36468 1.207
36568 1.207
36667 1.206
36767 1.205
36866 1.205
36966 1.204
37066 1.204
37165 1.202
37265 1.202
37364 1.201
37464 1.200
37563 1.200
37663 1.199
37762 1.199
37862 1.197
37961 1.197
38061 1.196
38161 1.195
38260 1.195
38360 1.194
38459 1.194
38559 1.192
38658 1.192
38758 1.191
38857 1.190
38957 1.190
39057 1.189
39156 1.188
39256 1.187
39355 1.187
39455 1.185
39554 1.185
39654 1.184
39753 1.184
39853 1.182
39952 1.182
40052 1.181
40152 1.180
40251 1.179
40351 1.179
40450 1.178
40550 1.177
40649 1.176
40749 1.175
40848 1.175
40948 1.174
41048 1.173
41147 1.172
41247 1.171
41346 1.170
41446 1.169
41545 1.169
41645 1.168
41744 1.167
41844 1.166
41943 1.165
42043 1.164
42143 1.164
42242 1.162
42342 1.162
42441 1.161
42541 1.160
42640 1.159
42740 1.159
42839 1.157
42939 1.157
42940 1.155
42941 1.155
42942 1.155
42944 1.155
42945 1.155
42946 1.155
42947 1.155
42948 1.155
42949 1.155
42950 1.155
42951 1.155
42953 1.155
42954 1.155
42955 1.155
42956 1.156
42957 1.155
42958 1.155
42959 1.155
42960 1.155
42962 1.155
42963 1.155
42964 1.155
42965 1.155
42966 1.155
42967 1.155
42968 1.155
42969 1.155
42971 1.155
42972 1.155
42973 1.155
42974 1.155
42975 1.155
42976 1.155
42977 1.155
42978 1.155
42980 1.155
42981 1.155
42982 1.155
42983 1.155
42984 1.155
42985 1.155
42986 1.155
42987 1.155
42989 1.155
42990 1.155
42991 1.155
42992 1.155
42993 1.155
42994 1.155
42995 1.155
42997 1.155
42998 1.155
42999 1.155
43000 1.155
43002 1.155
43004 1.155
43007 1.155
43009 1.155
43011 1.155
43013 1.155
43016 1.155
43018 1.155
43020 1.155
43022 1.155
43024 1.155
43027 1.155
43029 1.155
43031 1.155
43033 1.155
43036 1.155
43038 1.155
43040 1.155
43042 1.155
43045 1.155
43047 1.155
43049 1.155
43051 1.155
43053 1.155
43056 1.155
43058 1.155
43060 1.155
43062 1.155
43067 1.155
43071 1.155
43076 1.155
43080 1.155
43085 1.155
43089 1.155
43094 1.155
43098 1.155
43102 1.155
43107 1.155
43111 1.155
43116 1.155
43120 1.155
43125 1.154
43134 1.154
43142 1.154
43151 1.154
43160 1.154
43169 1.154
43178 1.154
43187 1.154
43204 1.154
43222 1.154
43240 1.154
43258 1.154
43293 1.154
43328 1.153
43399 1.152
43499 1.152
43598 1.150
43698 1.150
43797 1.149
43897 1.148
43997 1.147
44096 1.146
44196 1.145
44295 1.144
44395 1.144
44494 1.142
44594 1.142
44693 1.141
44793 1.140
44893 1.139
44992 1.138
45092 1.137
45191 1.136
45291 1.135
45390 1.134
45490 1.133
45589 1.132
45689 1.131
45789 1.130
45888 1.129
45988 1.128
46087 1.127
46187 1.126
46286 1.125
46386 1.124
46485 1.123
46585 1.121
46684 1.120
46784 1.118
46884 1.117
46983 1.116
47083 1.115
47182 1.114
47282 1.113
47381 1.112
47481 1.111
47580 1.110
47680 1.109
47780 1.107
47879 1.107
47979 1.106
48078 1.104
48178 1.103
48277 1.102
48377 1.101
48476 1.100
48576 1.099
48676 1.097
48775 1.096
48875 1.094
48974 1.093
49074 1.092
49173 1.091
49273 1.090
49372 1.089
49472 1.087
49571 1.086
49671 1.085
49771 1.084
49870 1.082
49970 1.081
50069 1.080
50169 1.079
50268 1.077
50368 1.076
50467 1.075
50567 1.073
50667 1.072
50766 1.070
50866 1.069
50965 1.067
51065 1.066
51164 1.064
51264 1.063
51363 1.062
51463 1.060
51562 1.058
51662 1.057
51762 1.055
51861 1.053
51961 1.052
52060 1.050
52160 1.049
52259 1.047
52359 1.045
52458 1.043
52558 1.041
52658 1.040
52757 1.038
52857 1.036
52956 1.034
53056 1.032
53155 1.030
53255 1.029
53354 1.027
53454 1.025
53553 1.023
53653 1.020
53753 1.018
53852 1.016
53952 1.014
54051 1.012
54151 1.010
54250 1.007
54350 1.005
54449 1.003
54549 1.002
54649 1.000
54748 0.999
54848 0.998
54947 0.996
55047 0.995
55146 0.993
55246 0.991
55345 0.988
55445 0.986
55544 0.983
55644 0.980
55744 0.977
55843 0.975
55844 0.973
55845 0.973
55846 0.973
55848 0.973
55849 0.973
55850 0.973
55851 0.973
55852 0.973
55853 0.973
55854 0.973
55855 0.973
55857 0.973
55858 0.973
55859 0.973
55860 0.973
55861 0.973
55862 0.973
55863 0.973
55865 0.973
55866 0.973
55867 0.973
55868 0.973
55869 0.973
55870 0.973
55871 0.973
55872 0.973
55874 0.971
55875 0.973
55876 0.972
55877 0.971
55878 0.972
55879 0.972
55880 0.971
55881 0.971
55883 0.971
55884 0.971
55885 0.971
55886 0.971
55887 0.971
55888 0.971
55889 0.971
55890 0.971
55892 0.971
55893 0.971
55894 0.971
55895 0.971
55896 0.971
55897 0.971
55898 0.971
55899 0.971
55901 0.971
55902 0.971
55903 0.971
55904 0.971
55906 0.971
55908 0.971
55911 0.971
55913 0.971
55915 0.971
55917 0.971
55920 0.971
55922 0.971
55924 0.971
55926 0.971
55929 0.971
55931 0.971
55933 0.970
55935 0.970
55937 0.970
55940 0.970
55942 0.970
55944 0.970
55946 0.970
55949 0.970
55951 0.970
55953 0.970
55956 0.970
55958 0.970
55960 0.970
55962 0.970
55964 0.970
55967 0.970
55971 0.970
55976 0.970
55980 0.970
55984 0.969
55989 0.968
55993 0.968
55998 0.968
56002 0.968
56007 0.968
56011 0.968
56016 0.968
56020 0.968
56024 0.968
56029 0.968
56038 0.968
56047 0.967
56056 0.966
56064 0.966
56073 0.966
56082 0.966
56091 0.966
56109 0.965
56126 0.965
56144 0.965
56162 0.963
56197 0.963
56233 0.962
56303 0.960
56403 0.958
56503 0.954
56602 0.951
56702 0.948
56801 0.945
56901 0.941
57000 0.938
57100 0.934
57199 0.930
57299 0.927
57399 0.923
57498 0.920
57598 0.916
57697 0.912
57797 0.908
57896 0.904
57996 0.900
58095 0.895
58195 0.891
58294 0.886
58394 0.881
58494 0.877
58593 0.872
58693 0.867
58792 0.861
58892 0.856
58991 0.850
59091 0.844
59190 0.839
59290 0.833
59390 0.827
59489 0.821
59589 0.815
59688 0.809
59788 0.803
59887 0.797
59987 0.792
60086 0.786
60186 0.779
60285 0.773
60287 0.770
60288 0.770
60289 0.770
60290 0.770
60291 0.770
60292 0.770
60293 0.770
60294 0.770
60296 0.769
60297 0.769
60298 0.770
60299 0.769
60300 0.769
60301 0.769
60302 0.769
60304 0.769
60305 0.769
60306 0.769
60307 0.769
60308 0.769
60309 0.769
60310 0.769
60311 0.769
60313 0.769
60314 0.769
60315 0.769
60316 0.769
60317 0.769
60318 0.769
60319 0.769
60320 0.769
60322 0.768
60323 0.768
60324 0.769
60325 0.767
60326 0.767
60327 0.767
60328 0.767
60329 0.767
60331 0.767
60332 0.767
60333 0.767
60334 0.767
60335 0.767
60336 0.767
60337 0.767
60338 0.767
60340 0.767
60341 0.767
60342 0.767
60343 0.767
60344 0.767
60345 0.767
60346 0.767
60349 0.767
60351 0.767
60353 0.765
60355 0.765
60358 0.765
60360 0.765
60362 0.765
60364 0.765
60366 0.765
60369 0.765
60371 0.765
60373 0.765
60375 0.765
60378 0.764
60380 0.764
60382 0.764
60384 0.764
60387 0.764
60389 0.764
60391 0.764
60393 0.764
60395 0.764
60398 0.764
60400 0.764
60402 0.763
60404 0.762
60407 0.762
60411 0.762
60416 0.762
60420 0.762
60424 0.762
60429 0.762
60433 0.761
60438 0.760
60442 0.760
60447 0.760
60451 0.760
60456 0.760
60460 0.759
60464 0.759
60469 0.759
60478 0.759
60487 0.758
60495 0.757
60504 0.757
60513 0.756
60522 0.755
60531 0.755
60549 0.754
60566 0.753
60584 0.752
60602 0.751
60637 0.749
60673 0.747
60743 0.744
60843 0.738
60943 0.732
61042 0.726
61142 0.719
61241 0.713
61341 0.707
61440 0.701
61540 0.696
