# Este conjunto de dados, denominado CargaPilhasAA, é composto por vários arquivos com dados de descarga e de recuperação de pilhas AA de diversos fabricantes. Estes dados são distribuídos sob licença Creative Commons Attribution 4.0 (CC-BY). <http://creativecommons.org/licenses/by/4.0/>
# This dataset, named CargaPilhasAA, is composed of several files with discharge and recovery of AA batteries from several manufacturers. This dataset is licensed under a Creative Commons Attribution 4.0 International License (CC-BY). <http://creativecommons.org/licenses/by/4.0/>
# Galileu H. Oliveira, Rio de Janeiro, Brasil. Jan/2023.
# Fabricante: DURACELL
# Tipo: alcalina
# Exemplar: 1
# Processo: recuperação
# Corrente: 0 mA
# tempo (segundos)  tensão (volts)
Time DU1
203506 0.698
203507 0.780
203509 0.797
203510 0.808
203511 0.815
203512 0.823
203513 0.828
203514 0.833
203515 0.838
203516 0.841
203518 0.845
203519 0.848
203520 0.851
203521 0.854
203522 0.856
203523 0.858
203524 0.860
203526 0.862
203527 0.864
203528 0.866
203529 0.867
203530 0.868
203531 0.870
203532 0.872
203533 0.872
203535 0.873
203536 0.875
203537 0.876
203538 0.877
203539 0.878
203540 0.879
203541 0.880
203542 0.881
203544 0.882
203545 0.883
203546 0.883
203547 0.885
203548 0.885
203549 0.886
203550 0.887
203551 0.887
203553 0.888
203554 0.890
203555 0.890
203556 0.891
203557 0.892
203558 0.892
203559 0.893
203560 0.893
203562 0.895
203563 0.895
203564 0.896
203565 0.896
203566 0.897
203567 0.898
203569 0.899
203572 0.901
203574 0.902
203576 0.903
203578 0.905
203581 0.906
203583 0.907
203585 0.908
203587 0.909
203590 0.910
203592 0.911
203594 0.913
203596 0.914
203598 0.915
203601 0.916
203603 0.916
203605 0.917
203607 0.918
203610 0.919
203612 0.920
203614 0.921
203616 0.921
203619 0.923
203621 0.923
203623 0.923
203625 0.925
203628 0.925
203632 0.926
203636 0.927
203641 0.929
203645 0.930
203650 0.931
203654 0.932
203659 0.933
203663 0.935
203668 0.936
203672 0.937
203676 0.938
203681 0.939
203685 0.940
203690 0.941
203699 0.942
203707 0.944
203716 0.945
203725 0.947
203734 0.948
203743 0.950
203752 0.951
203770 0.953
203787 0.955
203805 0.957
203823 0.959
203858 0.961
203894 0.964
203964 0.968
204064 0.974
204163 0.979
204263 0.983
204363 0.987
204462 0.991
204562 0.994
204661 0.997
204761 1.000
204860 1.002
204960 1.004
205059 1.007
205159 1.008
205258 1.010
205358 1.012
205458 1.014
205557 1.015
205657 1.017
205756 1.018
205856 1.019
205955 1.021
206055 1.022
206154 1.023
206254 1.024
206354 1.026
206453 1.027
206553 1.028
206652 1.029
206752 1.029
206851 1.031
206951 1.031
207050 1.033
207150 1.033
207250 1.034
207349 1.034
207449 1.036
207548 1.036
207648 1.037
207747 1.038
207847 1.038
207946 1.039
208046 1.039
208145 1.041
208245 1.041
208345 1.041
208444 1.043
208544 1.043
208643 1.043
208743 1.044
208842 1.044
208942 1.045
209041 1.046
209141 1.046
209241 1.046
209340 1.047
209440 1.048
209539 1.048
209639 1.048
209738 1.049
209838 1.049
209937 1.049
210037 1.050
210137 1.051
210236 1.051
210336 1.051
210435 1.051
210535 1.052
210634 1.053
210734 1.053
210833 1.053
210933 1.054
211033 1.054
211132 1.054
211232 1.054
211331 1.054
211431 1.054
211530 1.055
211630 1.056
211729 1.056
211829 1.056
211928 1.056
212028 1.056
212128 1.057
212227 1.058
212327 1.058
212426 1.058
212526 1.058
212625 1.058
212725 1.059
212824 1.059
212924 1.059
213024 1.059
213123 1.059
213223 1.059
213322 1.060
213422 1.061
213521 1.061
213621 1.061
213720 1.061
213820 1.061
213920 1.061
214019 1.062
214119 1.063
214218 1.063
214318 1.063
214417 1.063
214517 1.063
214616 1.063
214716 1.063
214816 1.063
214915 1.064
215015 1.064
215114 1.064
215214 1.064
215313 1.064
215413 1.064
215512 1.064
215612 1.064
215712 1.065
215811 1.066
215911 1.066
216010 1.066
216110 1.066
216209 1.066
216309 1.066
216408 1.066
216508 1.066
216607 1.066
216707 1.067
216807 1.067
216906 1.067
217006 1.067
217105 1.067
217205 1.067
217304 1.067
217404 1.067
217503 1.067
217603 1.068
217703 1.068
217802 1.069
217902 1.069
218001 1.069
218101 1.069
218200 1.069
218300 1.069
218399 1.069
218499 1.069
218599 1.069
218698 1.069
218798 1.069
218897 1.069
218997 1.070
219096 1.071
219196 1.071
219295 1.071
219395 1.071
219495 1.071
219594 1.071
219694 1.071
219793 1.071
219893 1.071
219992 1.071
220092 1.071
220191 1.071
220291 1.071
220390 1.072
220490 1.072
220590 1.072
220689 1.072
220789 1.072
220888 1.072
220988 1.072
221087 1.072
221187 1.072
221286 1.072
221386 1.072
221486 1.072
221585 1.072
221685 1.073
221784 1.073
221884 1.073
221983 1.074
222083 1.074
222182 1.074
222282 1.074
222382 1.074
222481 1.074
222581 1.074
222680 1.074
222780 1.074
222879 1.074
222979 1.074
223078 1.074
223178 1.074
223278 1.074
223377 1.074
223477 1.075
223576 1.075
223676 1.076
223775 1.076
223875 1.076
223974 1.076
224074 1.076
224173 1.076
224273 1.076
224373 1.076
224472 1.076
224572 1.076
224671 1.076
224771 1.076
224870 1.076
224970 1.076
225069 1.076
225169 1.076
225269 1.076
225368 1.077
225468 1.077
225567 1.077
225667 1.077
225766 1.077
225866 1.077
225965 1.077
226065 1.077
226165 1.077
226264 1.077
226364 1.077
226463 1.077
226563 1.077
226662 1.077
226762 1.077
226861 1.077
226961 1.077
227061 1.077
227160 1.077
227260 1.078
227359 1.078
227459 1.078
227558 1.079
