# Este conjunto de dados, denominado CargaPilhasAA, é composto por vários arquivos com dados de descarga e de recuperação de pilhas AA de diversos fabricantes. Estes dados são distribuídos sob licença Creative Commons Attribution 4.0 (CC-BY). <http://creativecommons.org/licenses/by/4.0/>
# This dataset, named CargaPilhasAA, is composed of several files with discharge and recovery of AA batteries from several manufacturers. This dataset is licensed under a Creative Commons Attribution 4.0 International License (CC-BY). <http://creativecommons.org/licenses/by/4.0/>
# Galileu H. Oliveira, Rio de Janeiro, Brasil. Jan/2023.
# Fabricante: DURACELL
# Tipo: alcalina
# Exemplar: 1
# Processo: descarga
# Corrente: 50 mA
# tempo (segundos)  tensão (volts)
Time DU1
0 1.607
1 1.566
3 1.525
4 1.527
5 1.530
6 1.532
7 1.535
8 1.536
9 1.537
10 1.539
12 1.539
13 1.541
14 1.541
15 1.541
16 1.541
17 1.542
18 1.542
20 1.542
21 1.542
22 1.542
23 1.544
24 1.544
25 1.544
26 1.544
27 1.544
29 1.544
30 1.544
31 1.544
32 1.544
34 1.544
36 1.546
39 1.546
41 1.546
43 1.546
45 1.546
48 1.546
50 1.546
52 1.546
54 1.546
56 1.546
59 1.546
61 1.546
63 1.546
65 1.546
68 1.546
70 1.546
72 1.546
74 1.546
77 1.546
79 1.546
81 1.546
83 1.546
86 1.546
88 1.546
90 1.546
92 1.546
94 1.546
99 1.546
103 1.546
108 1.546
112 1.546
117 1.546
121 1.546
126 1.546
130 1.546
134 1.545
139 1.545
143 1.545
148 1.544
152 1.544
157 1.544
166 1.544
174 1.544
183 1.544
192 1.544
201 1.544
210 1.544
219 1.543
236 1.542
254 1.542
272 1.542
290 1.541
325 1.541
360 1.540
431 1.538
531 1.536
630 1.534
730 1.532
829 1.530
929 1.527
1029 1.525
1128 1.523
1228 1.521
1327 1.519
1427 1.517
1526 1.515
1626 1.513
1725 1.511
1825 1.509
1924 1.507
2024 1.506
2124 1.504
2223 1.502
2323 1.501
2422 1.499
2522 1.497
2621 1.496
2721 1.494
2820 1.492
2920 1.491
3020 1.489
3119 1.488
3219 1.486
3318 1.485
3418 1.484
3517 1.482
3617 1.481
3716 1.479
3816 1.478
3915 1.477
4015 1.476
4115 1.474
4214 1.473
4314 1.472
4413 1.471
4513 1.470
4612 1.469
4712 1.468
4811 1.466
4911 1.466
5011 1.464
5110 1.463
5210 1.463
5309 1.461
5409 1.460
5508 1.459
5608 1.458
5707 1.458
5807 1.456
5906 1.456
6006 1.454
6106 1.454
6205 1.453
6305 1.452
6404 1.451
6504 1.450
6603 1.449
6703 1.449
6802 1.448
6902 1.447
7002 1.446
7101 1.446
7201 1.444
7300 1.444
7400 1.443
7499 1.443
7599 1.441
7698 1.441
7798 1.440
7897 1.439
7997 1.439
8097 1.438
8196 1.438
8296 1.436
8395 1.436
8495 1.435
8594 1.434
8694 1.434
8793 1.433
8893 1.433
8992 1.432
9092 1.431
9192 1.431
9291 1.430
9391 1.429
9490 1.429
9590 1.428
9689 1.428
9789 1.428
9888 1.426
9988 1.426
10088 1.426
10187 1.424
10287 1.424
10386 1.424
10486 1.423
10585 1.423
10685 1.423
10784 1.422
10884 1.421
10984 1.421
11083 1.420
11183 1.419
11282 1.419
11382 1.419
11481 1.418
11581 1.418
11680 1.418
11780 1.417
11880 1.416
11979 1.416
12079 1.416
12178 1.415
12278 1.414
12377 1.414
12477 1.414
12576 1.413
12676 1.413
12775 1.413
12875 1.412
12975 1.411
13074 1.411
13174 1.411
13273 1.411
13373 1.410
13472 1.409
13572 1.409
13671 1.409
13771 1.408
13871 1.408
13970 1.408
14070 1.408
14169 1.408
14269 1.407
14368 1.406
14468 1.406
14567 1.406
14667 1.406
14766 1.405
14866 1.404
14966 1.404
15065 1.404
15165 1.404
15264 1.403
15364 1.403
15463 1.403
15563 1.403
15662 1.402
15762 1.401
15861 1.401
15961 1.401
16061 1.401
16160 1.401
16260 1.400
16359 1.400
16459 1.400
16558 1.400
16658 1.399
16757 1.398
16857 1.398
16957 1.398
17056 1.398
17156 1.398
17255 1.397
17355 1.396
17454 1.396
17554 1.396
17653 1.396
17753 1.396
17853 1.395
17952 1.395
18052 1.395
18151 1.395
18251 1.395
18350 1.394
18450 1.393
18549 1.393
18649 1.393
18748 1.393
18848 1.393
18948 1.392
19047 1.391
19147 1.391
19246 1.391
19346 1.391
19445 1.391
19545 1.390
19644 1.390
19744 1.390
19844 1.390
19943 1.390
20043 1.389
20142 1.388
20242 1.388
20341 1.388
20441 1.388
20540 1.388
20640 1.388
20740 1.387
20839 1.386
20939 1.386
21038 1.386
21138 1.386
21237 1.386
21337 1.386
21436 1.385
21536 1.385
21636 1.385
21735 1.385
21835 1.385
21934 1.384
22034 1.383
22133 1.383
22233 1.383
22332 1.383
22432 1.383
22531 1.383
22631 1.382
22731 1.381
22830 1.381
22930 1.381
23029 1.381
23129 1.381
23228 1.381
23328 1.380
23427 1.380
23527 1.380
23627 1.380
23726 1.380
23826 1.379
23925 1.378
24025 1.378
24124 1.378
24224 1.378
24323 1.378
24423 1.378
24523 1.377
24622 1.376
24722 1.376
24821 1.376
24921 1.376
25020 1.376
25120 1.376
25219 1.375
25319 1.375
25419 1.375
25518 1.375
25618 1.375
25717 1.374
25817 1.373
25916 1.373
26016 1.373
26115 1.373
26215 1.373
26315 1.373
26414 1.372
26514 1.371
26613 1.371
26713 1.371
26812 1.371
26912 1.371
27011 1.371
27111 1.370
27211 1.370
27310 1.370
27410 1.370
27509 1.370
27609 1.370
27708 1.369
27808 1.368
27907 1.368
28007 1.368
28107 1.368
28206 1.368
28306 1.367
28405 1.366
28505 1.366
28604 1.366
28704 1.366
28803 1.366
28903 1.366
29002 1.365
29102 1.365
29202 1.365
29301 1.365
29401 1.365
29500 1.365
29600 1.364
29699 1.363
29799 1.363
29898 1.363
29998 1.363
30098 1.363
30197 1.362
30297 1.361
30396 1.361
30496 1.361
30595 1.361
30695 1.361
30794 1.361
30894 1.360
30994 1.360
31093 1.360
31193 1.360
31292 1.360
31392 1.360
31491 1.359
31591 1.358
31690 1.358
31790 1.358
31890 1.358
31989 1.358
32089 1.357
32188 1.356
32288 1.356
32387 1.356
32487 1.356
32586 1.356
32686 1.356
32786 1.355
32885 1.355
32985 1.355
33084 1.355
33184 1.355
33283 1.355
33383 1.354
33482 1.353
33582 1.353
33682 1.353
33781 1.353
33881 1.353
33980 1.353
34080 1.352
34179 1.351
34279 1.351
34378 1.351
34478 1.351
34577 1.351
34677 1.351
34777 1.350
34876 1.350
34976 1.350
35075 1.350
35175 1.350
35274 1.350
35374 1.349
35473 1.348
35573 1.348
35673 1.348
35772 1.348
35872 1.348
35971 1.348
36071 1.347
36170 1.346
36270 1.346
36369 1.346
36469 1.346
36569 1.346
36668 1.346
36768 1.345
36867 1.345
36967 1.345
37066 1.345
37166 1.345
37265 1.345
37365 1.344
37465 1.343
37564 1.343
37664 1.343
37763 1.343
37863 1.343
37962 1.343
38062 1.342
38161 1.341
38261 1.341
38361 1.341
38460 1.341
38560 1.341
38659 1.340
38759 1.340
38858 1.340
38958 1.340
39057 1.340
39157 1.340
39257 1.340
39356 1.338
39456 1.338
39555 1.338
39655 1.338
39754 1.338
39854 1.338
39953 1.337
40053 1.336
40153 1.336
40252 1.336
40352 1.336
40451 1.336
40551 1.336
40650 1.335
40750 1.335
40849 1.335
40949 1.335
41049 1.335
41148 1.335
41248 1.334
41347 1.334
41447 1.333
41546 1.333
41646 1.333
41745 1.333
41845 1.333
41945 1.333
42044 1.332
42144 1.331
42243 1.331
42343 1.331
42442 1.331
42542 1.331
42641 1.331
42741 1.330
42840 1.330
42940 1.330
43040 1.330
43139 1.330
43239 1.330
43338 1.329
43438 1.328
43537 1.328
43637 1.328
43736 1.328
43836 1.328
43936 1.328
44035 1.328
44135 1.328
44234 1.327
44334 1.326
44433 1.326
44533 1.326
44632 1.326
44732 1.326
44832 1.326
44931 1.325
45031 1.325
45130 1.325
45230 1.325
45329 1.325
45429 1.325
45528 1.325
45628 1.324
45728 1.323
45827 1.323
45927 1.323
46026 1.323
46126 1.323
46225 1.323
46325 1.323
46424 1.322
46524 1.322
46624 1.321
46723 1.321
46823 1.321
46922 1.321
47022 1.321
47121 1.321
47221 1.321
47320 1.320
47420 1.320
47520 1.320
47619 1.320
47719 1.320
47818 1.320
47918 1.320
48017 1.320
48117 1.320
48216 1.320
48316 1.320
48415 1.320
48515 1.320
48615 1.320
48714 1.320
48814 1.320
48913 1.320
49013 1.319
49112 1.318
49212 1.318
49311 1.318
49411 1.318
49511 1.318
49610 1.318
49710 1.318
49809 1.318
49909 1.318
50008 1.318
50108 1.318
50207 1.318
50307 1.318
50407 1.318
50506 1.318
50606 1.318
50705 1.318
50805 1.318
50904 1.318
51004 1.318
51103 1.317
51203 1.317
51302 1.317
51402 1.317
51502 1.317
51601 1.317
51701 1.317
51800 1.317
51900 1.316
51999 1.316
52099 1.315
52198 1.315
52298 1.315
52398 1.315
52497 1.315
52597 1.315
52696 1.315
52796 1.315
52895 1.314
52995 1.313
53094 1.313
53194 1.313
53294 1.313
53393 1.313
53493 1.313
53592 1.313
53692 1.313
53791 1.313
53891 1.313
53990 1.313
54090 1.313
54190 1.312
54289 1.312
54389 1.312
54488 1.312
54588 1.312
54687 1.312
54787 1.312
54886 1.312
54986 1.312
55085 1.312
55185 1.312
55285 1.312
55384 1.311
55484 1.311
55583 1.310
55683 1.310
55782 1.310
55882 1.310
55981 1.310
56081 1.310
56181 1.310
56280 1.310
56380 1.310
56479 1.310
56579 1.310
56678 1.309
56778 1.309
56877 1.308
56977 1.308
57076 1.308
57176 1.308
57276 1.308
57375 1.308
57475 1.308
57574 1.308
57674 1.308
57773 1.308
57873 1.307
57972 1.307
58072 1.307
58172 1.307
58271 1.307
58371 1.307
58470 1.307
58570 1.307
58669 1.307
58769 1.306
58868 1.305
58968 1.305
59068 1.305
59167 1.305
59267 1.305
59366 1.305
59466 1.305
59565 1.305
59665 1.304
59764 1.303
59864 1.303
59963 1.303
60063 1.303
60163 1.303
60262 1.303
60362 1.303
60461 1.303
60561 1.303
60660 1.302
60760 1.302
60859 1.302
60959 1.302
61059 1.302
61158 1.302
61258 1.302
61357 1.302
61457 1.302
61556 1.302
61656 1.302
61755 1.301
61855 1.300
61954 1.300
62054 1.300
62154 1.300
62253 1.300
62353 1.300
62452 1.300
62552 1.300
62651 1.300
62751 1.300
62850 1.300
62950 1.300
63050 1.299
63149 1.299
63249 1.298
63348 1.298
63448 1.298
63547 1.298
63647 1.298
63746 1.298
63846 1.298
63946 1.298
64045 1.298
64145 1.298
64244 1.298
64344 1.297
64443 1.297
64543 1.297
64642 1.297
64742 1.297
64842 1.297
64941 1.297
65041 1.297
65140 1.297
65240 1.297
65339 1.297
65439 1.296
65538 1.296
65638 1.295
65738 1.295
65837 1.295
65937 1.295
66036 1.295
66136 1.295
66235 1.295
66335 1.295
66434 1.295
66534 1.295
66633 1.294
66733 1.293
66833 1.293
66932 1.293
67032 1.293
67131 1.293
67231 1.293
67330 1.293
67430 1.293
67529 1.293
67629 1.293
67729 1.292
67828 1.292
67928 1.292
68027 1.292
68127 1.292
68226 1.292
68326 1.292
68425 1.292
68525 1.292
68625 1.292
68724 1.291
68824 1.291
68923 1.290
69023 1.290
69122 1.290
69222 1.290
69321 1.290
69421 1.290
69521 1.290
69620 1.290
69720 1.290
69819 1.290
69919 1.289
70018 1.288
70118 1.288
70217 1.288
70317 1.288
70417 1.288
70516 1.288
70616 1.288
70715 1.288
70815 1.288
70914 1.288
71014 1.288
71113 1.287
71213 1.287
71312 1.287
71412 1.287
71512 1.287
71611 1.287
71711 1.287
71810 1.287
71910 1.287
72009 1.287
72109 1.287
72208 1.287
72308 1.287
72408 1.286
72507 1.285
72607 1.285
72706 1.285
72806 1.285
72905 1.285
73005 1.285
73104 1.285
73204 1.285
73304 1.285
73403 1.285
73503 1.285
73602 1.285
73702 1.285
73801 1.285
73901 1.284
74000 1.283
74100 1.283
74200 1.283
74299 1.283
74399 1.283
74498 1.283
74598 1.283
74697 1.283
74797 1.283
74896 1.283
74996 1.283
75096 1.282
75195 1.282
75295 1.282
75394 1.282
75494 1.282
75593 1.282
75693 1.282
75792 1.282
75892 1.282
75991 1.282
76091 1.282
76191 1.282
76290 1.282
76390 1.281
76489 1.281
76589 1.280
76688 1.280
76788 1.280
76887 1.280
76987 1.280
77087 1.280
77186 1.280
77286 1.280
77385 1.280
77485 1.280
77584 1.279
77684 1.278
77783 1.278
77883 1.278
77983 1.278
78082 1.278
78182 1.278
78281 1.278
78381 1.278
78480 1.278
78580 1.278
78679 1.278
78779 1.277
78879 1.277
78978 1.277
79078 1.277
79177 1.277
79277 1.277
79376 1.277
79476 1.277
79575 1.277
79675 1.277
79775 1.276
79874 1.275
79974 1.275
80073 1.275
80173 1.275
80272 1.275
80372 1.275
80471 1.275
80571 1.274
80671 1.273
80770 1.273
80870 1.273
80969 1.273
81069 1.273
81168 1.273
81268 1.273
81367 1.273
81467 1.273
81566 1.273
81666 1.273
81766 1.272
81865 1.272
81965 1.272
82064 1.272
82164 1.272
82263 1.272
82363 1.272
82462 1.272
82562 1.272
82662 1.272
82761 1.272
82861 1.271
82960 1.270
83060 1.270
83159 1.270
83259 1.270
83358 1.270
83458 1.270
83558 1.270
83657 1.270
83757 1.270
83856 1.270
83956 1.270
84055 1.269
84155 1.269
84254 1.268
84354 1.268
84454 1.268
84553 1.268
84653 1.268
84752 1.268
84852 1.268
84951 1.268
85051 1.268
85150 1.268
85250 1.267
85350 1.267
85449 1.267
85549 1.267
85648 1.267
85748 1.267
85847 1.267
85947 1.267
86046 1.267
86146 1.267
86246 1.267
86345 1.266
86445 1.265
86544 1.265
86644 1.265
86743 1.265
86843 1.265
86942 1.265
87042 1.265
87141 1.265
87241 1.265
87341 1.265
87440 1.265
87540 1.264
87639 1.264
87739 1.263
87838 1.263
87938 1.263
88037 1.263
88137 1.263
88237 1.263
88336 1.263
88436 1.263
88535 1.263
88635 1.263
88734 1.262
88834 1.262
88933 1.262
89033 1.262
89133 1.262
89232 1.262
89332 1.262
89431 1.262
89531 1.262
89630 1.262
89730 1.261
89829 1.261
89929 1.260
90029 1.260
90128 1.260
90228 1.260
90327 1.260
90427 1.260
90526 1.260
90626 1.260
90725 1.260
90825 1.260
90924 1.260
91024 1.259
91124 1.258
91223 1.258
91323 1.258
91422 1.258
91522 1.258
91621 1.258
91721 1.258
91820 1.258
91920 1.258
92020 1.258
92119 1.258
92219 1.257
92318 1.257
92418 1.257
92517 1.257
92617 1.257
92716 1.257
92816 1.257
92916 1.257
93015 1.257
93115 1.257
93214 1.256
93314 1.255
93413 1.255
93513 1.255
93612 1.255
93712 1.255
93812 1.255
93911 1.255
94011 1.255
94110 1.255
94210 1.255
94309 1.255
94409 1.254
94508 1.253
94608 1.253
94708 1.253
94807 1.253
94907 1.253
95006 1.253
95106 1.253
95205 1.253
95305 1.253
95404 1.253
95504 1.252
95604 1.252
95703 1.252
95803 1.252
95902 1.252
96002 1.252
96101 1.252
96201 1.252
96300 1.252
96400 1.252
96499 1.252
96599 1.251
96699 1.250
96798 1.250
96898 1.250
96997 1.250
97097 1.250
97196 1.250
97296 1.250
97395 1.250
97495 1.250
97595 1.250
97694 1.249
97794 1.249
97893 1.248
97993 1.248
98092 1.248
98192 1.248
98291 1.248
98391 1.248
98491 1.248
98590 1.248
98690 1.248
98789 1.248
98889 1.247
98988 1.247
99088 1.247
99187 1.247
99287 1.247
99387 1.247
99486 1.247
99586 1.247
99685 1.247
99785 1.247
99884 1.247
99984 1.246
100083 1.245
100183 1.245
100283 1.245
100382 1.245
100482 1.245
100581 1.245
100681 1.245
100780 1.245
100880 1.245
100979 1.245
101079 1.245
101179 1.244
101278 1.244
101378 1.243
101477 1.243
101577 1.243
101676 1.243
101776 1.243
101875 1.243
101975 1.243
102074 1.243
102174 1.243
102274 1.242
102373 1.242
102473 1.242
102572 1.242
102672 1.242
102771 1.242
102871 1.242
102970 1.242
103070 1.242
103170 1.242
103269 1.242
103369 1.241
103468 1.240
103568 1.240
103667 1.240
103767 1.240
103866 1.240
103966 1.240
104066 1.240
104165 1.240
104265 1.240
104364 1.240
104464 1.240
104563 1.239
104663 1.239
104762 1.238
104862 1.238
104962 1.238
105061 1.238
105161 1.238
105260 1.238
105360 1.238
105459 1.238
105559 1.238
105658 1.238
105758 1.237
105858 1.237
105957 1.237
106057 1.237
106156 1.237
106256 1.237
106355 1.237
106455 1.237
106554 1.237
106654 1.237
106754 1.236
106853 1.236
106953 1.235
107052 1.235
107152 1.235
107251 1.235
107351 1.235
107450 1.235
107550 1.235
107649 1.235
107749 1.235
107849 1.234
107948 1.234
108048 1.233
108147 1.233
108247 1.233
108346 1.233
108446 1.233
108545 1.233
108645 1.233
108745 1.233
108844 1.233
108944 1.233
109043 1.232
109143 1.232
109242 1.232
109342 1.232
109441 1.232
109541 1.232
109641 1.232
109740 1.232
109840 1.232
109939 1.232
110039 1.231
110138 1.230
110238 1.230
110337 1.230
110437 1.230
110537 1.230
110636 1.230
110736 1.230
110835 1.230
110935 1.230
111034 1.229
111134 1.229
111233 1.229
111333 1.229
111432 1.229
111532 1.229
111632 1.229
111731 1.228
111831 1.228
111930 1.227
112030 1.227
112129 1.227
112229 1.227
112328 1.227
112428 1.227
112528 1.227
112627 1.227
112727 1.227
112826 1.226
112926 1.225
113025 1.225
113125 1.225
113224 1.225
113324 1.225
113424 1.225
113523 1.225
113623 1.224
113722 1.224
113822 1.224
113921 1.224
114021 1.224
114120 1.224
114220 1.224
114320 1.224
114419 1.224
114519 1.223
114618 1.222
114718 1.222
114817 1.222
114917 1.222
115016 1.222
115116 1.222
115216 1.222
115315 1.222
115415 1.221
115514 1.220
115614 1.220
115713 1.220
115813 1.220
115912 1.220
116012 1.220
116112 1.220
116211 1.220
116311 1.220
116410 1.219
116510 1.219
116609 1.219
116709 1.219
116808 1.219
116908 1.219
117008 1.219
117107 1.219
117207 1.219
117306 1.218
117406 1.217
117505 1.217
117605 1.217
117704 1.217
117804 1.217
117904 1.217
118003 1.217
118103 1.217
118202 1.216
118302 1.215
118401 1.215
118501 1.215
118600 1.215
118700 1.215
118799 1.215
118899 1.215
118999 1.215
119098 1.214
119198 1.214
119297 1.214
119397 1.214
119496 1.214
119596 1.214
119695 1.214
119795 1.214
119895 1.214
119994 1.213
120094 1.212
120193 1.212
120293 1.212
120392 1.212
120492 1.212
120591 1.212
120691 1.212
120791 1.212
120890 1.211
120990 1.210
121089 1.210
121189 1.210
121288 1.210
121388 1.210
121487 1.210
121587 1.210
121687 1.210
121786 1.210
121886 1.209
121985 1.209
122085 1.209
122184 1.209
122284 1.209
122383 1.209
122483 1.209
122583 1.209
122682 1.209
122782 1.208
122881 1.207
122981 1.207
123080 1.207
123180 1.207
123279 1.207
123379 1.207
123479 1.207
123578 1.207
123678 1.206
123777 1.205
123877 1.205
123976 1.205
124076 1.205
124175 1.205
124275 1.205
124375 1.205
124474 1.205
124574 1.204
124673 1.204
124773 1.204
124872 1.204
124972 1.204
125071 1.204
125171 1.204
125271 1.204
125370 1.203
125470 1.202
125569 1.202
125669 1.202
125768 1.202
125868 1.202
125967 1.202
126067 1.202
126166 1.201
126266 1.201
126366 1.200
126465 1.200
126565 1.200
126664 1.200
126764 1.200
126863 1.200
126963 1.200
127062 1.200
127162 1.199
127262 1.199
127361 1.199
127461 1.199
127560 1.199
127660 1.199
127759 1.199
127859 1.199
127958 1.198
128058 1.197
128158 1.197
128257 1.197
128357 1.197
128456 1.197
128556 1.197
128655 1.197
128755 1.196
128854 1.196
128954 1.195
129054 1.195
129153 1.195
129253 1.195
129352 1.195
129452 1.195
129551 1.195
129651 1.194
129750 1.194
129850 1.194
129950 1.194
130049 1.194
130149 1.194
130248 1.194
130348 1.193
130447 1.192
130547 1.192
130646 1.192
130746 1.192
130846 1.192
130945 1.192
131045 1.192
131144 1.191
131244 1.191
131343 1.190
131443 1.190
131542 1.190
131642 1.190
131742 1.190
131841 1.190
131941 1.189
132040 1.189
132140 1.189
132239 1.189
132339 1.189
132438 1.189
132538 1.189
132638 1.189
132737 1.188
132837 1.187
132936 1.187
133036 1.187
133135 1.187
133235 1.187
133334 1.187
133434 1.187
133533 1.186
133633 1.185
133733 1.185
133832 1.185
133932 1.185
134031 1.185
134131 1.185
134230 1.184
134330 1.184
134429 1.184
134529 1.184
134629 1.184
134728 1.184
134828 1.184
134927 1.184
135027 1.183
135126 1.182
135226 1.182
135325 1.182
135425 1.182
135525 1.182
135624 1.182
135724 1.182
135823 1.182
135923 1.181
136022 1.180
136122 1.180
136221 1.180
136321 1.180
136421 1.180
136520 1.180
136620 1.180
136719 1.179
136819 1.179
136918 1.179
137018 1.179
137117 1.179
137217 1.179
137317 1.179
137416 1.179
137516 1.178
137615 1.178
137715 1.177
137814 1.177
137914 1.177
138013 1.177
138113 1.177
138213 1.177
138312 1.177
138412 1.176
138511 1.176
138611 1.175
138710 1.175
138810 1.175
138909 1.175
139009 1.175
139109 1.175
139208 1.175
139308 1.174
139407 1.174
139507 1.174
139606 1.174
139706 1.174
139805 1.174
139905 1.174
140005 1.174
140104 1.173
140204 1.172
140303 1.172
140403 1.172
140502 1.172
140602 1.172
140701 1.172
140801 1.172
140901 1.172
141000 1.171
141100 1.170
141199 1.170
141299 1.170
141398 1.170
141498 1.170
141597 1.170
141697 1.170
141797 1.169
141896 1.169
141996 1.169
142095 1.169
142195 1.169
142294 1.169
142394 1.168
142493 1.167
142593 1.167
142692 1.167
142792 1.167
142892 1.167
142991 1.167
143091 1.167
143190 1.167
143290 1.166
143389 1.165
143489 1.165
143588 1.165
143688 1.165
143788 1.165
143887 1.165
143987 1.165
144086 1.164
144186 1.164
144285 1.164
144385 1.164
144484 1.164
144584 1.164
144684 1.164
144783 1.164
144883 1.163
144982 1.162
145082 1.162
145181 1.162
145281 1.162
145380 1.162
145480 1.162
145580 1.162
145679 1.161
145779 1.161
145878 1.160
145978 1.160
146077 1.160
146177 1.160
146276 1.160
146376 1.160
146475 1.160
146575 1.159
146675 1.159
146774 1.159
146874 1.159
146973 1.159
147073 1.159
147172 1.159
147272 1.159
147371 1.158
147471 1.157
147571 1.157
147670 1.157
147770 1.157
147869 1.157
147969 1.157
148068 1.157
148168 1.157
148267 1.157
148367 1.156
148467 1.156
148566 1.155
148666 1.155
148765 1.155
148865 1.155
148964 1.155
149064 1.155
149163 1.155
149263 1.155
149363 1.155
149462 1.154
149562 1.154
149661 1.154
149761 1.154
149860 1.154
149960 1.154
150059 1.154
150159 1.154
150258 1.154
150358 1.154
150458 1.154
150557 1.153
150657 1.152
150756 1.152
150856 1.152
150955 1.152
151055 1.152
151154 1.152
151254 1.152
151354 1.152
151453 1.151
151553 1.151
151652 1.150
151752 1.150
151851 1.150
151951 1.150
152050 1.150
152150 1.149
152250 1.149
152349 1.149
152449 1.149
152548 1.149
152648 1.148
152747 1.147
152847 1.147
152946 1.147
153046 1.147
153146 1.147
153245 1.147
153345 1.146
153444 1.146
153544 1.146
153643 1.146
153743 1.146
153842 1.145
153942 1.144
154042 1.144
154141 1.144
154241 1.144
154340 1.144
154440 1.144
154539 1.142
154639 1.142
154738 1.142
154838 1.142
154938 1.141
155037 1.141
155137 1.141
155236 1.141
155336 1.141
155435 1.140
155535 1.139
155634 1.139
155734 1.139
155833 1.139
155933 1.139
156033 1.139
156132 1.137
156232 1.137
156331 1.137
156431 1.137
156530 1.137
156630 1.136
156729 1.136
156829 1.136
156929 1.136
157028 1.135
157128 1.134
157227 1.134
157327 1.134
157426 1.134
157526 1.133
157625 1.132
157725 1.132
157825 1.132
157924 1.132
158024 1.131
158123 1.131
158223 1.131
158322 1.131
158422 1.130
158521 1.129
158621 1.129
158721 1.129
158820 1.129
158920 1.127
159019 1.127
159119 1.127
159218 1.127
159318 1.126
159417 1.126
159517 1.126
159617 1.125
159716 1.124
159816 1.124
159915 1.124
160015 1.123
160114 1.122
160214 1.122
160313 1.122
160413 1.121
160513 1.121
160612 1.120
160712 1.119
160811 1.119
160911 1.119
161010 1.118
161110 1.117
161209 1.117
161309 1.117
161409 1.116
161508 1.116
161608 1.116
161707 1.115
161807 1.114
161906 1.114
162006 1.114
162105 1.113
162205 1.112
162304 1.112
162404 1.111
162504 1.111
162603 1.111
162703 1.110
162802 1.109
162902 1.109
163001 1.109
163101 1.108
163200 1.107
163300 1.107
163400 1.106
163499 1.106
163599 1.106
163698 1.105
163798 1.104
163897 1.104
163997 1.103
164096 1.102
164196 1.102
164296 1.102
164395 1.101
164495 1.101
164594 1.100
164694 1.099
164793 1.099
164893 1.097
164992 1.097
165092 1.096
165191 1.096
165291 1.096
165391 1.094
165490 1.094
165590 1.094
165689 1.092
165789 1.092
165888 1.091
165988 1.091
166087 1.091
166187 1.089
166286 1.089
166386 1.089
166486 1.087
166585 1.087
166685 1.086
166784 1.086
166884 1.085
166983 1.084
167083 1.084
167182 1.083
167282 1.082
167381 1.082
167481 1.081
167581 1.081
167680 1.080
167780 1.079
167879 1.079
167979 1.078
168078 1.077
168178 1.077
168277 1.076
168377 1.076
168477 1.074
168576 1.074
168676 1.073
168775 1.072
168875 1.072
168974 1.071
169074 1.071
169173 1.071
169273 1.069
169372 1.069
169472 1.069
169572 1.068
169671 1.067
169771 1.067
169870 1.067
169970 1.066
170069 1.066
170169 1.065
170268 1.064
170368 1.064
170468 1.063
170567 1.063
170667 1.063
170766 1.062
170866 1.061
170965 1.061
171065 1.060
171164 1.059
171264 1.059
171363 1.059
171463 1.058
171563 1.058
171662 1.058
171762 1.057
171861 1.056
171961 1.056
172060 1.056
172160 1.055
172259 1.054
172359 1.054
172459 1.054
172558 1.053
172658 1.053
172757 1.053
172857 1.052
172956 1.051
173056 1.051
173155 1.051
173255 1.050
173354 1.049
173454 1.049
173554 1.049
173653 1.048
173753 1.048
173852 1.048
173952 1.047
174051 1.046
174151 1.046
174250 1.046
174350 1.044
174450 1.044
174549 1.044
174649 1.044
174748 1.043
174848 1.043
174947 1.043
175047 1.042
175146 1.041
175246 1.041
175345 1.041
175445 1.039
175545 1.039
175644 1.039
175744 1.038
175843 1.038
175943 1.038
176042 1.038
176142 1.036
176241 1.036
176341 1.036
176441 1.035
176540 1.034
176640 1.034
176739 1.034
176839 1.033
176938 1.033
177038 1.033
177137 1.032
177237 1.031
177336 1.031
177436 1.031
177536 1.029
177635 1.029
177735 1.028
177834 1.028
177934 1.028
178033 1.026
178133 1.026
178232 1.026
178332 1.024
178432 1.024
178531 1.024
178631 1.023
178730 1.023
178830 1.022
178929 1.021
179029 1.021
179128 1.020
179228 1.019
179327 1.019
179427 1.018
179527 1.018
179626 1.018
179726 1.016
179825 1.016
179925 1.016
180024 1.015
180124 1.014
180223 1.014
180323 1.013
180423 1.013
180522 1.012
180622 1.011
180721 1.011
180821 1.010
180920 1.009
181020 1.009
181119 1.008
181219 1.008
181318 1.007
181418 1.006
181518 1.006
181617 1.004
181717 1.004
181816 1.004
181916 1.003
182015 1.003
182115 1.001
182214 1.001
182314 1.001
182414 0.999
182513 0.999
182613 0.998
182712 0.998
182812 0.998
182813 0.997
182814 0.996
182815 0.996
182816 0.996
182817 0.996
182818 0.996
182820 0.996
182821 0.996
182822 0.997
182823 0.996
182824 0.996
182825 0.996
182826 0.996
182827 0.996
182829 0.996
182830 0.996
182831 0.996
182832 0.996
182833 0.996
182834 0.996
182835 0.996
182836 0.996
182838 0.996
182839 0.996
182840 0.996
182841 0.996
182842 0.996
182843 0.996
182844 0.996
182846 0.996
182847 0.996
182848 0.996
182849 0.996
182850 0.996
182851 0.996
182852 0.996
182853 0.996
182855 0.996
182856 0.996
182857 0.996
182858 0.996
182859 0.996
182860 0.996
182861 0.996
182862 0.996
182864 0.996
182865 0.996
182866 0.996
182867 0.996
182868 0.996
182869 0.996
182870 0.996
182871 0.996
182873 0.996
182875 0.996
182877 0.996
182879 0.996
182882 0.996
182884 0.996
182886 0.996
182888 0.996
182890 0.996
182893 0.996
182895 0.996
182897 0.996
182899 0.996
182902 0.996
182904 0.996
182906 0.996
182908 0.996
182911 0.996
182913 0.996
182915 0.996
182917 0.996
182919 0.996
182922 0.996
182924 0.996
182926 0.996
182928 0.996
182931 0.996
182933 0.996
182935 0.996
182940 0.996
182944 0.996
182948 0.996
182953 0.996
182957 0.996
182962 0.996
182966 0.996
182971 0.996
182975 0.996
182980 0.996
182984 0.996
182988 0.996
182993 0.996
182997 0.996
183006 0.996
183015 0.996
183024 0.996
183033 0.996
183042 0.996
183051 0.996
183059 0.996
183077 0.996
183095 0.995
183113 0.995
183130 0.994
183166 0.994
183201 0.994
183272 0.994
183371 0.993
183471 0.993
183571 0.993
183670 0.991
183770 0.991
183869 0.991
183969 0.990
184068 0.989
184168 0.989
184267 0.988
184367 0.988
184466 0.986
184566 0.986
184666 0.985
184765 0.984
184865 0.984
184964 0.983
185064 0.983
185163 0.982
185263 0.981
185362 0.981
185462 0.980
185562 0.979
185661 0.978
185761 0.978
185860 0.977
185960 0.976
186059 0.976
186159 0.975
186258 0.975
186358 0.974
186457 0.973
186557 0.972
186657 0.971
186756 0.971
186856 0.970
186955 0.970
187055 0.968
187154 0.968
187254 0.967
187353 0.966
187453 0.965
187553 0.964
187652 0.963
187752 0.963
187851 0.961
187951 0.961
188050 0.960
188150 0.960
188249 0.958
188349 0.958
188448 0.956
188548 0.956
188648 0.955
188747 0.954
188847 0.953
188946 0.952
189046 0.951
189145 0.950
189245 0.950
189344 0.948
189444 0.947
189544 0.946
189643 0.945
189743 0.944
189842 0.943
189942 0.942
190041 0.941
190141 0.940
190240 0.939
190340 0.938
190439 0.937
190539 0.936
190639 0.935
190738 0.934
190838 0.933
190937 0.932
191037 0.931
191136 0.930
191236 0.928
191335 0.928
191435 0.926
191535 0.925
191536 0.925
191537 0.925
191538 0.925
191539 0.925
191540 0.925
191541 0.925
191542 0.925
191544 0.925
191545 0.925
191546 0.925
191547 0.925
191548 0.925
191549 0.925
191550 0.925
191551 0.925
191553 0.925
191554 0.925
191555 0.925
191556 0.925
191557 0.925
191558 0.925
191559 0.925
191560 0.925
191562 0.925
191563 0.925
191564 0.925
191565 0.925
191566 0.925
191567 0.925
191568 0.925
191570 0.925
191571 0.925
191572 0.925
191573 0.925
191574 0.925
191575 0.925
191576 0.925
191577 0.925
191579 0.925
191580 0.925
191581 0.925
191582 0.925
191583 0.925
191584 0.925
191585 0.925
191586 0.925
191588 0.925
191589 0.925
191590 0.925
191591 0.925
191592 0.925
191593 0.925
191594 0.925
191595 0.925
191597 0.925
191599 0.925
191601 0.925
191603 0.925
191605 0.925
191608 0.924
191610 0.924
191612 0.925
191614 0.923
191617 0.924
191619 0.924
191621 0.924
191623 0.923
191626 0.923
191628 0.923
191630 0.923
191632 0.923
191635 0.923
191637 0.923
191639 0.923
191641 0.923
191643 0.923
191646 0.923
191648 0.923
191650 0.923
191652 0.923
191655 0.923
191657 0.923
191659 0.923
191664 0.923
191668 0.923
191672 0.923
191677 0.923
191681 0.923
191686 0.923
191690 0.923
191695 0.923
191699 0.923
191704 0.923
191708 0.923
191712 0.923
191717 0.923
191721 0.923
191730 0.923
191739 0.923
191748 0.923
191757 0.923
191766 0.923
191775 0.923
191783 0.923
191801 0.922
191819 0.921
191837 0.921
191854 0.921
191890 0.921
191925 0.921
191996 0.920
192095 0.919
192195 0.918
192295 0.917
192394 0.916
192494 0.914
192593 0.913
192693 0.912
192792 0.910
192892 0.909
192991 0.908
193091 0.906
193190 0.905
193290 0.904
193390 0.903
193489 0.901
193589 0.900
193688 0.898
193788 0.897
193887 0.895
193987 0.894
194086 0.892
194186 0.891
194286 0.889
194385 0.888
194485 0.886
194584 0.885
194684 0.883
194783 0.882
194883 0.880
194982 0.879
195082 0.877
195182 0.876
195281 0.874
195381 0.872
195480 0.871
195580 0.869
195679 0.867
195779 0.866
195878 0.864
195978 0.862
196077 0.861
196177 0.859
196277 0.857
196376 0.856
196476 0.854
196575 0.852
196675 0.850
196774 0.848
196874 0.846
196973 0.844
197073 0.842
197173 0.841
197272 0.839
197372 0.837
197471 0.835
197571 0.833
197670 0.831
197770 0.829
197869 0.827
197969 0.825
198069 0.823
198168 0.821
198268 0.819
198367 0.817
198467 0.816
198566 0.814
198666 0.812
198765 0.810
198865 0.808
198964 0.806
199064 0.804
199164 0.802
199263 0.800
199363 0.798
199462 0.796
199562 0.794
199661 0.792
199761 0.791
199860 0.789
199960 0.786
200060 0.785
200159 0.783
200259 0.781
200358 0.778
200458 0.776
200557 0.774
200657 0.772
200756 0.770
200856 0.768
200956 0.766
201055 0.764
201155 0.762
201254 0.760
201354 0.757
201453 0.755
201553 0.753
201652 0.751
201752 0.748
201851 0.746
201951 0.743
202051 0.741
202150 0.738
202250 0.736
202349 0.733
202449 0.730
202548 0.728
202648 0.725
202747 0.722
202847 0.719
202848 0.717
202849 0.717
202850 0.717
202852 0.717
202853 0.717
202854 0.717
202855 0.717
202856 0.717
202857 0.717
202858 0.717
202859 0.717
202861 0.717
202862 0.717
202863 0.717
202864 0.717
202865 0.717
202866 0.717
202867 0.717
202868 0.717
202870 0.717
202871 0.717
202872 0.717
202873 0.717
202874 0.717
202875 0.717
202876 0.717
202877 0.717
202879 0.717
202880 0.717
202881 0.717
202882 0.716
202883 0.717
202884 0.716
202885 0.717
202886 0.716
202888 0.716
202889 0.716
202890 0.716
202891 0.716
202892 0.716
202893 0.716
202894 0.716
202895 0.716
202897 0.716
202898 0.716
202899 0.716
202900 0.716
202901 0.716
202902 0.716
202903 0.716
202905 0.716
202906 0.716
202907 0.716
202908 0.716
202910 0.716
202912 0.716
202915 0.716
202917 0.716
202919 0.716
202921 0.716
202924 0.716
202926 0.716
202928 0.716
202930 0.716
202932 0.716
202935 0.716
202937 0.716
202939 0.716
202941 0.715
202944 0.715
202946 0.714
202948 0.714
202950 0.714
202953 0.714
202955 0.714
202957 0.714
202959 0.714
202962 0.714
202964 0.714
202966 0.714
202968 0.714
202970 0.714
202975 0.714
202979 0.714
202984 0.714
202988 0.714
202993 0.714
202997 0.714
203002 0.713
203006 0.712
203010 0.712
203015 0.712
203019 0.712
203024 0.712
203028 0.712
203033 0.712
203042 0.712
203050 0.712
203059 0.711
203068 0.711
203077 0.711
203086 0.711
203095 0.711
203112 0.710
203130 0.709
203148 0.709
203166 0.708
203201 0.707
203236 0.706
203307 0.704
203407 0.701
203506 0.698
