# Este conjunto de dados, denominado CargaPilhasAA, é composto por vários arquivos com dados de descarga e de recuperação de pilhas AA de diversos fabricantes. Estes dados são distribuídos sob licença Creative Commons Attribution 4.0 (CC-BY). <http://creativecommons.org/licenses/by/4.0/>
# This dataset, named CargaPilhasAA, is composed of several files with discharge and recovery of AA batteries from several manufacturers. This dataset is licensed under a Creative Commons Attribution 4.0 International License (CC-BY). <http://creativecommons.org/licenses/by/4.0/>
# Galileu H. Oliveira, Rio de Janeiro, Brasil. Jan/2023.
# Fabricante: DURACELL
# Tipo: alcalina
# Exemplar: 2
# Processo: descarga
# Corrente: 50 mA
# tempo (segundos)  tensão (volts)
Time DU2
0 1.607
1 1.572
3 1.538
4 1.539
5 1.539
6 1.541
7 1.541
8 1.542
9 1.543
10 1.544
12 1.544
13 1.546
14 1.546
15 1.546
16 1.547
17 1.547
18 1.547
19 1.547
21 1.549
22 1.549
23 1.549
24 1.549
25 1.549
26 1.549
27 1.550
28 1.551
30 1.551
31 1.551
32 1.551
34 1.551
36 1.551
38 1.551
41 1.551
43 1.551
45 1.551
47 1.552
50 1.552
52 1.552
54 1.552
56 1.552
59 1.552
61 1.552
63 1.552
65 1.552
67 1.552
70 1.552
72 1.552
74 1.552
76 1.552
79 1.552
81 1.552
83 1.552
85 1.552
88 1.552
90 1.552
92 1.552
94 1.552
99 1.552
103 1.552
108 1.552
112 1.552
116 1.552
121 1.552
125 1.552
130 1.552
134 1.552
139 1.552
143 1.552
148 1.551
152 1.551
156 1.551
165 1.551
174 1.551
183 1.551
192 1.551
201 1.551
210 1.551
219 1.550
236 1.549
254 1.549
272 1.549
289 1.549
325 1.547
360 1.547
431 1.545
531 1.543
630 1.541
730 1.539
829 1.536
929 1.534
1028 1.532
1128 1.530
1227 1.528
1327 1.526
1426 1.524
1526 1.522
1626 1.520
1725 1.518
1825 1.516
1924 1.514
2024 1.513
2123 1.511
2223 1.509
2322 1.507
2422 1.506
2522 1.504
2621 1.503
2721 1.501
2820 1.500
2920 1.498
3019 1.497
3119 1.496
3218 1.494
3318 1.493
3417 1.492
3517 1.490
3617 1.489
3716 1.487
3816 1.486
3915 1.485
4015 1.484
4114 1.483
4214 1.481
4313 1.480
4413 1.479
4512 1.478
4612 1.477
4712 1.476
4811 1.475
4911 1.474
5010 1.473
5110 1.473
5209 1.471
5309 1.471
5408 1.469
5508 1.469
5607 1.468
5707 1.467
5807 1.466
5906 1.465
6006 1.464
6105 1.463
6205 1.463
6304 1.461
6404 1.461
6503 1.459
6603 1.459
6702 1.458
6802 1.458
6902 1.457
7001 1.456
7101 1.456
7200 1.454
7300 1.454
7399 1.453
7499 1.453
7598 1.452
7698 1.451
7798 1.451
7897 1.449
7997 1.449
8096 1.448
8196 1.448
8295 1.447
8395 1.446
8494 1.446
8594 1.445
8693 1.444
8793 1.444
8893 1.443
8992 1.443
9092 1.443
9191 1.442
9291 1.441
9390 1.441
9490 1.440
9589 1.439
9689 1.439
9788 1.438
9888 1.438
9988 1.438
10087 1.437
10187 1.436
10286 1.436
10386 1.436
10485 1.434
10585 1.434
10684 1.434
10784 1.433
10884 1.433
10983 1.433
11083 1.433
11182 1.431
11282 1.431
11381 1.431
11481 1.431
11580 1.430
11680 1.429
11779 1.429
11879 1.429
11979 1.428
12078 1.428
12178 1.428
12277 1.428
12377 1.426
12476 1.426
12576 1.426
12675 1.425
12775 1.424
12875 1.424
12974 1.424
13074 1.424
13173 1.423
13273 1.423
13372 1.423
13472 1.423
13571 1.423
13671 1.421
13770 1.421
13870 1.421
13970 1.421
14069 1.421
14169 1.419
14268 1.419
14368 1.419
14467 1.419
14567 1.419
14666 1.418
14766 1.418
14865 1.418
14965 1.418
15065 1.417
15164 1.416
15264 1.416
15363 1.416
15463 1.416
15562 1.415
15662 1.414
15761 1.414
15861 1.414
15961 1.414
16060 1.414
16160 1.413
16259 1.413
16359 1.413
16458 1.413
16558 1.413
16657 1.412
16757 1.411
16856 1.411
16956 1.411
17056 1.411
17155 1.410
17255 1.409
17354 1.409
17454 1.409
17553 1.409
17653 1.409
17752 1.408
17852 1.408
17951 1.408
18051 1.408
18151 1.408
18250 1.408
18350 1.407
18449 1.406
18549 1.406
18648 1.406
18748 1.406
18847 1.405
18947 1.405
19047 1.404
19146 1.404
19246 1.404
19345 1.404
19445 1.403
19544 1.403
19644 1.403
19743 1.403
19843 1.403
19942 1.403
20042 1.402
20142 1.401
20241 1.401
20341 1.401
20440 1.401
20540 1.401
20639 1.401
20739 1.401
20838 1.400
20938 1.400
21037 1.400
21137 1.400
21237 1.400
21336 1.399
21436 1.398
21535 1.398
21635 1.398
21734 1.398
21834 1.398
21933 1.398
22033 1.397
22133 1.396
22232 1.396
22332 1.396
22431 1.396
22531 1.396
22630 1.396
22730 1.395
22829 1.395
22929 1.395
23028 1.395
23128 1.395
23228 1.394
23327 1.394
23427 1.393
23526 1.393
23626 1.393
23725 1.393
23825 1.393
23924 1.393
24024 1.392
24124 1.391
24223 1.391
24323 1.391
24422 1.391
24522 1.391
24621 1.391
24721 1.390
24820 1.390
24920 1.390
25020 1.390
25119 1.390
25219 1.389
25318 1.389
25418 1.388
25517 1.388
25617 1.388
25716 1.388
25816 1.388
25915 1.387
26015 1.386
26115 1.386
26214 1.386
26314 1.386
26413 1.386
26513 1.386
26612 1.385
26712 1.385
26811 1.385
26911 1.385
27011 1.385
27110 1.384
27210 1.383
27309 1.383
27409 1.383
27508 1.383
27608 1.383
27707 1.382
27807 1.381
27907 1.381
28006 1.381
28106 1.381
28205 1.381
28305 1.381
28404 1.381
28504 1.380
28603 1.380
28703 1.380
28802 1.380
28902 1.380
29002 1.379
29101 1.378
29201 1.378
29300 1.378
29400 1.378
29499 1.378
29599 1.378
29698 1.377
29798 1.376
29898 1.376
29997 1.376
30097 1.376
30196 1.376
30296 1.376
30395 1.375
30495 1.375
30594 1.375
30694 1.375
30793 1.375
30893 1.375
30993 1.374
31092 1.373
31192 1.373
31291 1.373
31391 1.373
31490 1.373
31590 1.373
31689 1.372
31789 1.371
31889 1.371
31988 1.371
32088 1.371
32187 1.371
32287 1.370
32386 1.370
32486 1.370
32585 1.370
32685 1.370
32785 1.370
32884 1.369
32984 1.368
33083 1.368
33183 1.368
33282 1.368
33382 1.368
33481 1.368
33581 1.367
33680 1.366
33780 1.366
33880 1.366
33979 1.366
34079 1.366
34178 1.366
34278 1.365
34377 1.365
34477 1.365
34576 1.365
34676 1.365
34776 1.365
34875 1.364
34975 1.363
35074 1.363
35174 1.363
35273 1.363
35373 1.363
35472 1.363
35572 1.361
35672 1.361
35771 1.361
35871 1.361
35970 1.361
36070 1.361
36169 1.360
36269 1.360
36368 1.360
36468 1.360
36568 1.360
36667 1.360
36767 1.359
36866 1.359
36966 1.358
37065 1.358
37165 1.358
37264 1.358
37364 1.358
37463 1.357
37563 1.356
37663 1.356
37762 1.356
37862 1.356
37961 1.356
38061 1.356
38160 1.355
38260 1.355
38359 1.355
38459 1.355
38559 1.355
38658 1.355
38758 1.355
38857 1.354
38957 1.353
39056 1.353
39156 1.353
39255 1.353
39355 1.353
39455 1.353
39554 1.352
39654 1.351
39753 1.351
39853 1.351
39952 1.351
40052 1.351
40151 1.351
40251 1.350
40351 1.350
40450 1.350
40550 1.350
40649 1.350
40749 1.350
40848 1.350
40948 1.349
41047 1.348
41147 1.348
41247 1.348
41346 1.348
41446 1.348
41545 1.348
41645 1.347
41744 1.346
41844 1.346
41943 1.346
42043 1.346
42143 1.346
42242 1.346
42342 1.345
42441 1.345
42541 1.345
42640 1.345
42740 1.345
42839 1.345
42939 1.344
43038 1.343
43138 1.343
43238 1.343
43337 1.343
43437 1.343
43536 1.343
43636 1.343
43735 1.342
43835 1.341
43934 1.341
44034 1.341
44134 1.341
44233 1.341
44333 1.341
44432 1.340
44532 1.340
44631 1.340
44731 1.340
44830 1.340
44930 1.340
45030 1.339
45129 1.338
45229 1.338
45328 1.338
45428 1.338
45527 1.338
45627 1.338
45726 1.338
45826 1.337
45926 1.336
46025 1.336
46125 1.336
46224 1.336
46324 1.336
46423 1.336
46523 1.335
46622 1.335
46722 1.335
46822 1.335
46921 1.335
47021 1.335
47120 1.335
47220 1.334
47319 1.333
47419 1.333
47518 1.333
47618 1.333
47718 1.333
47817 1.333
47917 1.333
48016 1.333
48116 1.332
48215 1.331
48315 1.331
48414 1.331
48514 1.331
48614 1.331
48713 1.331
48813 1.331
48912 1.330
49012 1.330
49111 1.330
49211 1.330
49310 1.330
49410 1.330
49509 1.330
49609 1.330
49709 1.329
49808 1.328
49908 1.328
50007 1.328
50107 1.328
50206 1.328
50306 1.328
50405 1.328
50505 1.328
50605 1.328
50704 1.327
50804 1.326
50903 1.326
51003 1.326
51102 1.326
51202 1.326
51301 1.326
51401 1.326
51500 1.325
51600 1.325
51700 1.325
51799 1.325
51899 1.325
51998 1.325
52098 1.325
52197 1.325
52297 1.324
52396 1.323
52496 1.323
52596 1.323
52695 1.323
52795 1.323
52894 1.323
52994 1.323
53093 1.323
53193 1.323
53292 1.322
53392 1.321
53492 1.321
53591 1.321
53691 1.321
53790 1.321
53890 1.321
53989 1.321
54089 1.321
54188 1.320
54288 1.320
54388 1.320
54487 1.320
54587 1.320
54686 1.320
54786 1.320
54885 1.320
54985 1.320
55084 1.319
55184 1.318
55283 1.318
55383 1.318
55483 1.318
55582 1.318
55682 1.318
55781 1.318
55881 1.318
55980 1.317
56080 1.317
56179 1.317
56279 1.317
56379 1.317
56478 1.317
56578 1.317
56677 1.317
56777 1.317
56876 1.316
56976 1.316
57075 1.315
57175 1.315
57275 1.315
57374 1.315
57474 1.315
57573 1.315
57673 1.315
57772 1.315
57872 1.315
57971 1.314
58071 1.313
58171 1.313
58270 1.313
58370 1.313
58469 1.313
58569 1.313
58668 1.313
58768 1.313
58867 1.313
58967 1.312
59066 1.312
59166 1.312
59266 1.312
59365 1.312
59465 1.312
59564 1.312
59664 1.312
59763 1.311
59863 1.311
59962 1.310
60062 1.310
60162 1.310
60261 1.310
60361 1.310
60460 1.310
60560 1.310
60659 1.310
60759 1.310
60858 1.310
60958 1.309
61058 1.308
61157 1.308
61257 1.308
61356 1.308
61456 1.308
61555 1.308
61655 1.308
61754 1.308
61854 1.308
61954 1.308
62053 1.307
62153 1.307
62252 1.307
62352 1.307
62451 1.307
62551 1.307
62650 1.307
62750 1.307
62849 1.307
62949 1.307
63049 1.306
63148 1.306
63248 1.305
63347 1.305
63447 1.305
63546 1.305
63646 1.305
63745 1.305
63845 1.305
63945 1.305
64044 1.305
64144 1.305
64243 1.304
64343 1.303
64442 1.303
64542 1.303
64641 1.303
64741 1.303
64841 1.303
64940 1.303
65040 1.303
65139 1.303
65239 1.303
65338 1.303
65438 1.302
65537 1.302
65637 1.302
65736 1.302
65836 1.302
65936 1.302
66035 1.302
66135 1.302
66234 1.302
66334 1.302
66433 1.302
66533 1.301
66632 1.300
66732 1.300
66832 1.300
66931 1.300
67031 1.300
67130 1.300
67230 1.300
67329 1.300
67429 1.300
67528 1.300
67628 1.300
67728 1.300
67827 1.299
67927 1.299
68026 1.298
68126 1.298
68225 1.298
68325 1.298
68424 1.298
68524 1.298
68624 1.298
68723 1.298
68823 1.298
68922 1.298
69022 1.298
69121 1.297
69221 1.297
69320 1.297
69420 1.297
69520 1.297
69619 1.297
69719 1.297
69818 1.297
69918 1.297
70017 1.297
70117 1.297
70216 1.296
70316 1.295
70415 1.295
70515 1.295
70615 1.295
70714 1.295
70814 1.295
70913 1.295
71013 1.295
71112 1.295
71212 1.295
71311 1.295
71411 1.294
71511 1.293
71610 1.293
71710 1.293
71809 1.293
71909 1.293
72008 1.293
72108 1.293
72207 1.293
72307 1.293
72407 1.293
72506 1.292
72606 1.292
72705 1.292
72805 1.292
72904 1.292
73004 1.292
73103 1.292
73203 1.292
73303 1.292
73402 1.292
73502 1.292
73601 1.291
73701 1.290
73800 1.290
73900 1.290
73999 1.290
74099 1.290
74199 1.290
74298 1.290
74398 1.290
74497 1.290
74597 1.290
74696 1.290
74796 1.289
74895 1.288
74995 1.288
75094 1.288
75194 1.288
75294 1.288
75393 1.288
75493 1.288
75592 1.288
75692 1.288
75791 1.288
75891 1.288
75990 1.287
76090 1.287
76190 1.287
76289 1.287
76389 1.287
76488 1.287
76588 1.287
76687 1.287
76787 1.287
76886 1.287
76986 1.287
77086 1.286
77185 1.286
77285 1.285
77384 1.285
77484 1.285
77583 1.285
77683 1.285
77782 1.285
77882 1.285
77982 1.285
78081 1.285
78181 1.285
78280 1.285
78380 1.285
78479 1.284
78579 1.283
78678 1.283
78778 1.283
78878 1.283
78977 1.283
79077 1.283
79176 1.283
79276 1.283
79375 1.283
79475 1.283
79574 1.283
79674 1.282
79774 1.282
79873 1.282
79973 1.282
80072 1.282
80172 1.282
80271 1.282
80371 1.282
80470 1.282
80570 1.282
80669 1.282
80769 1.281
80869 1.281
80968 1.280
81068 1.280
81167 1.280
81267 1.280
81366 1.280
81466 1.280
81565 1.280
81665 1.280
81765 1.280
81864 1.280
81964 1.280
82063 1.279
82163 1.278
82262 1.278
82362 1.278
82461 1.278
82561 1.278
82661 1.278
82760 1.278
82860 1.278
82959 1.278
83059 1.278
83158 1.278
83258 1.278
83357 1.277
83457 1.277
83556 1.277
83656 1.277
83756 1.277
83855 1.277
83955 1.277
84054 1.277
84154 1.277
84253 1.277
84353 1.277
84452 1.277
84552 1.277
84652 1.277
84751 1.276
84851 1.276
84950 1.275
85050 1.275
85149 1.275
85249 1.275
85348 1.275
85448 1.275
85548 1.275
85647 1.275
85747 1.275
85846 1.275
85946 1.275
86045 1.274
86145 1.274
86244 1.274
86344 1.273
86444 1.273
86543 1.273
86643 1.273
86742 1.273
86842 1.273
86941 1.273
87041 1.273
87140 1.273
87240 1.273
87340 1.273
87439 1.273
87539 1.273
87638 1.273
87738 1.273
87837 1.273
87937 1.273
88036 1.273
88136 1.273
88236 1.273
88335 1.273
88435 1.273
88534 1.273
88634 1.273
88733 1.273
88833 1.273
88932 1.273
89032 1.273
89131 1.273
89231 1.273
89331 1.273
89430 1.273
89530 1.273
89629 1.273
89729 1.273
89828 1.273
89928 1.273
90027 1.272
90127 1.272
90227 1.272
90326 1.272
90426 1.272
90525 1.272
90625 1.272
90724 1.272
90824 1.272
90923 1.272
91023 1.272
91123 1.272
91222 1.271
91322 1.271
91421 1.270
91521 1.270
91620 1.270
91720 1.270
91819 1.270
91919 1.270
92019 1.270
92118 1.270
92218 1.270
92317 1.270
92417 1.270
92516 1.269
92616 1.268
92715 1.268
92815 1.268
92914 1.268
93014 1.268
93114 1.268
93213 1.268
93313 1.268
93412 1.268
93512 1.268
93611 1.268
93711 1.267
93810 1.267
93910 1.267
94010 1.267
94109 1.267
94209 1.267
94308 1.267
94408 1.267
94507 1.267
94607 1.267
94706 1.266
94806 1.265
94906 1.265
95005 1.265
95105 1.265
95204 1.265
95304 1.265
95403 1.265
95503 1.265
95602 1.265
95702 1.265
95802 1.265
95901 1.265
96001 1.265
96100 1.265
96200 1.265
96299 1.264
96399 1.263
96498 1.263
96598 1.263
96698 1.263
96797 1.263
96897 1.263
96996 1.263
97096 1.263
97195 1.263
97295 1.263
97394 1.263
97494 1.263
97594 1.263
97693 1.263
97793 1.262
97892 1.262
97992 1.262
98091 1.262
98191 1.262
98290 1.262
98390 1.262
98490 1.261
98589 1.260
98689 1.260
98788 1.260
98888 1.260
98987 1.260
99087 1.260
99186 1.260
99286 1.260
99385 1.260
99485 1.260
99585 1.259
99684 1.259
99784 1.258
99883 1.258
99983 1.258
100082 1.258
100182 1.258
100281 1.258
100381 1.258
100481 1.258
100580 1.258
100680 1.258
100779 1.258
100879 1.257
100978 1.257
101078 1.257
101177 1.257
101277 1.257
101377 1.257
101476 1.257
101576 1.257
101675 1.257
101775 1.256
101874 1.256
101974 1.255
102073 1.255
102173 1.255
102273 1.255
102372 1.255
102472 1.255
102571 1.255
102671 1.255
102770 1.255
102870 1.255
102969 1.255
103069 1.255
103169 1.254
103268 1.253
103368 1.253
103467 1.253
103567 1.253
103666 1.253
103766 1.253
103865 1.253
103965 1.253
104065 1.253
104164 1.253
104264 1.253
104363 1.252
104463 1.252
104562 1.252
104662 1.252
104761 1.252
104861 1.252
104960 1.252
105060 1.252
105160 1.252
105259 1.252
105359 1.251
105458 1.251
105558 1.250
105657 1.250
105757 1.250
105856 1.250
105956 1.250
106056 1.250
106155 1.250
106255 1.250
106354 1.249
106454 1.248
106553 1.248
106653 1.248
106752 1.248
106852 1.248
106952 1.247
107051 1.247
107151 1.247
107250 1.247
107350 1.247
107449 1.247
107549 1.247
107648 1.247
107748 1.246
107848 1.245
107947 1.245
108047 1.245
108146 1.245
108246 1.245
108345 1.245
108445 1.245
108544 1.245
108644 1.245
108744 1.244
108843 1.243
108943 1.243
109042 1.243
109142 1.243
109241 1.243
109341 1.243
109440 1.243
109540 1.243
109639 1.242
109739 1.242
109839 1.242
109938 1.242
110038 1.242
110137 1.242
110237 1.242
110336 1.242
110436 1.242
110535 1.241
110635 1.240
110735 1.240
110834 1.240
110934 1.240
111033 1.240
111133 1.240
111232 1.240
111332 1.240
111431 1.240
111531 1.239
111631 1.238
111730 1.238
111830 1.238
111929 1.238
112029 1.238
112128 1.238
112228 1.237
112327 1.237
112427 1.237
112527 1.237
112626 1.237
112726 1.237
112825 1.237
112925 1.236
113024 1.235
113124 1.235
113223 1.235
113323 1.235
113423 1.235
113522 1.235
113622 1.234
113721 1.233
113821 1.233
113920 1.233
114020 1.233
114119 1.233
114219 1.233
114319 1.233
114418 1.233
114518 1.233
114617 1.233
114717 1.232
114816 1.232
114916 1.232
115015 1.232
115115 1.232
115214 1.231
115314 1.230
115414 1.230
115513 1.230
115613 1.230
115712 1.230
115812 1.230
115911 1.230
116011 1.230
116110 1.229
116210 1.229
116310 1.229
116409 1.229
116509 1.229
116608 1.229
116708 1.228
116807 1.227
116907 1.227
117006 1.227
117106 1.227
117206 1.227
117305 1.227
117405 1.227
117504 1.227
117604 1.225
117703 1.225
117803 1.225
117902 1.225
118002 1.225
118102 1.225
118201 1.225
118301 1.224
118400 1.224
118500 1.224
118599 1.224
118699 1.224
118798 1.224
118898 1.223
118998 1.222
119097 1.222
119197 1.222
119296 1.222
119396 1.222
119495 1.222
119595 1.222
119694 1.222
119794 1.222
119894 1.222
119993 1.222
120093 1.220
120192 1.220
120292 1.220
120391 1.220
120491 1.220
120590 1.220
120690 1.220
120790 1.220
120889 1.220
120989 1.220
121088 1.219
121188 1.219
121287 1.219
121387 1.219
121486 1.219
121586 1.219
121685 1.219
121785 1.218
121885 1.218
121984 1.217
122084 1.217
122183 1.217
122283 1.217
122382 1.217
122482 1.217
122581 1.217
122681 1.217
122781 1.217
122880 1.216
122980 1.215
123079 1.215
123179 1.215
123278 1.215
123378 1.215
123477 1.215
123577 1.215
123677 1.215
123776 1.215
123876 1.214
123975 1.214
124075 1.214
124174 1.214
124274 1.214
124373 1.214
124473 1.214
124573 1.214
124672 1.213
124772 1.212
124871 1.212
124971 1.212
125070 1.212
125170 1.212
125269 1.212
125369 1.212
125469 1.211
125568 1.210
125668 1.210
125767 1.210
125867 1.210
125966 1.210
126066 1.210
126165 1.210
126265 1.209
126365 1.209
126464 1.209
126564 1.209
126663 1.209
126763 1.209
126862 1.209
126962 1.208
127061 1.207
127161 1.207
127261 1.207
127360 1.207
127460 1.207
127559 1.207
127659 1.207
127758 1.206
127858 1.205
127957 1.205
128057 1.205
128156 1.205
128256 1.205
128356 1.205
128455 1.205
128555 1.205
128654 1.204
128754 1.204
128853 1.204
128953 1.204
129052 1.204
129152 1.204
129252 1.203
129351 1.203
129451 1.202
129550 1.202
129650 1.202
129749 1.202
129849 1.202
129948 1.202
130048 1.202
130148 1.201
130247 1.200
130347 1.200
130446 1.200
130546 1.200
130645 1.200
130745 1.200
130844 1.200
130944 1.199
131044 1.199
131143 1.199
131243 1.199
131342 1.199
131442 1.198
131541 1.197
131641 1.197
131740 1.197
131840 1.197
131940 1.197
132039 1.197
132139 1.196
132238 1.195
132338 1.195
132437 1.195
132537 1.195
132636 1.195
132736 1.195
132836 1.194
132935 1.194
133035 1.194
133134 1.194
133234 1.194
133333 1.194
133433 1.194
133532 1.193
133632 1.192
133732 1.192
133831 1.192
133931 1.192
134030 1.192
134130 1.192
134229 1.191
134329 1.190
134428 1.190
134528 1.190
134628 1.190
134727 1.190
134827 1.190
134926 1.189
135026 1.189
135125 1.189
135225 1.189
135324 1.189
135424 1.188
135524 1.188
135623 1.187
135723 1.187
135822 1.187
135922 1.187
136021 1.187
136121 1.187
136220 1.186
136320 1.185
136420 1.185
136519 1.185
136619 1.185
136718 1.185
136818 1.184
136917 1.184
137017 1.184
137116 1.184
137216 1.184
137315 1.184
137415 1.184
137515 1.183
137614 1.182
137714 1.182
137813 1.182
137913 1.182
138012 1.182
138112 1.182
138211 1.181
138311 1.180
138411 1.180
138510 1.180
138610 1.180
138709 1.180
138809 1.179
138908 1.179
139008 1.179
139107 1.179
139207 1.179
139307 1.179
139406 1.178
139506 1.177
139605 1.177
139705 1.177
139804 1.177
139904 1.177
140003 1.176
140103 1.175
140203 1.175
140302 1.175
140402 1.175
140501 1.175
140601 1.175
140700 1.174
140800 1.174
140899 1.174
140999 1.174
141099 1.174
141198 1.174
141298 1.173
141397 1.172
141497 1.172
141596 1.172
141696 1.172
141795 1.172
141895 1.172
141995 1.171
142094 1.170
142194 1.170
142293 1.170
142393 1.170
142492 1.170
142592 1.169
142691 1.169
142791 1.169
142891 1.169
142990 1.169
143090 1.168
143189 1.167
143289 1.167
143388 1.167
143488 1.167
143587 1.167
143687 1.167
143787 1.166
143886 1.165
143986 1.165
144085 1.165
144185 1.165
144284 1.165
144384 1.165
144483 1.164
144583 1.164
144682 1.164
144782 1.164
144882 1.164
144981 1.163
145081 1.162
145180 1.162
145280 1.162
145379 1.162
145479 1.162
145578 1.161
145678 1.160
145778 1.160
145877 1.160
145977 1.160
146076 1.160
146176 1.159
146275 1.159
146375 1.159
146474 1.159
146574 1.158
146674 1.157
146773 1.157
146873 1.157
146972 1.157
147072 1.157
147171 1.156
147271 1.155
147370 1.155
147470 1.155
147570 1.155
147669 1.155
147769 1.154
147868 1.154
147968 1.154
148067 1.154
148167 1.154
148266 1.152
148366 1.152
148465 1.152
148565 1.152
148665 1.152
148764 1.151
148864 1.150
148963 1.150
149063 1.150
149162 1.150
149262 1.149
149361 1.149
149461 1.149
149561 1.149
149660 1.149
149760 1.148
149859 1.147
149959 1.147
150058 1.147
150158 1.147
150257 1.146
150357 1.146
150457 1.146
150556 1.146
150656 1.145
150755 1.144
150855 1.144
150954 1.144
151054 1.144
151153 1.143
151253 1.142
151353 1.142
151452 1.142
151552 1.142
151651 1.141
151751 1.141
151850 1.141
151950 1.141
152049 1.140
152149 1.139
152248 1.139
152348 1.139
152448 1.139
152547 1.137
152647 1.137
152746 1.137
152846 1.137
152945 1.137
153045 1.136
153144 1.136
153244 1.136
153344 1.135
153443 1.134
153543 1.134
153642 1.134
153742 1.134
153841 1.133
153941 1.132
154040 1.132
154140 1.132
154240 1.131
154339 1.131
154439 1.131
154538 1.131
154638 1.129
154737 1.129
154837 1.129
154936 1.129
155036 1.128
155136 1.127
155235 1.127
155335 1.127
155434 1.126
155534 1.126
155633 1.126
155733 1.126
155832 1.124
155932 1.124
156032 1.124
156131 1.124
156231 1.122
156330 1.122
156430 1.122
156529 1.122
156629 1.121
156728 1.121
156828 1.121
156928 1.119
157027 1.119
157127 1.119
157226 1.118
157326 1.117
157425 1.117
157525 1.117
157624 1.116
157724 1.116
157824 1.116
157923 1.115
158023 1.114
158122 1.114
158222 1.114
158321 1.112
158421 1.112
158520 1.112
158620 1.111
158720 1.111
158819 1.111
158919 1.110
159018 1.109
159118 1.109
159217 1.109
159317 1.107
159416 1.107
159516 1.107
159615 1.106
159715 1.106
159815 1.106
159914 1.105
160014 1.104
160113 1.104
160213 1.103
160312 1.102
160412 1.102
160511 1.102
160611 1.101
160711 1.101
160810 1.100
160910 1.099
161009 1.099
161109 1.098
161208 1.097
161308 1.097
161407 1.097
161507 1.096
161606 1.096
161706 1.095
161806 1.094
161905 1.094
162005 1.094
162104 1.092
162204 1.092
162303 1.092
162403 1.091
162502 1.091
162602 1.090
162701 1.089
162801 1.089
162901 1.089
163000 1.088
163100 1.087
163199 1.087
163299 1.086
163398 1.086
163498 1.086
163597 1.084
163697 1.084
163797 1.084
163896 1.083
163996 1.082
164095 1.082
164195 1.081
164294 1.081
164394 1.080
164493 1.079
164593 1.079
164692 1.078
164792 1.077
164892 1.077
164991 1.076
165091 1.076
165190 1.076
165290 1.074
165389 1.074
165489 1.074
165588 1.073
165688 1.072
165787 1.072
165887 1.071
165987 1.071
166086 1.070
166186 1.069
166285 1.069
166385 1.068
166484 1.067
166584 1.067
166683 1.066
166783 1.066
166883 1.066
166982 1.064
167082 1.064
167181 1.064
167281 1.063
167380 1.063
167480 1.062
167579 1.061
167679 1.061
167778 1.060
167878 1.059
167978 1.059
168077 1.059
168177 1.058
168276 1.058
168376 1.057
168475 1.056
168575 1.056
168674 1.055
168774 1.054
168874 1.054
168973 1.054
169073 1.053
169172 1.053
169272 1.052
169371 1.051
169471 1.051
169570 1.051
169670 1.050
169769 1.049
169869 1.049
169969 1.048
170068 1.048
170168 1.048
170267 1.047
170367 1.046
170466 1.046
170566 1.046
170665 1.044
170765 1.044
170865 1.044
170964 1.044
171064 1.043
171163 1.043
171263 1.042
171362 1.041
171462 1.041
171561 1.041
171661 1.040
171760 1.039
171860 1.039
171960 1.039
172059 1.038
172159 1.038
172258 1.038
172358 1.037
172457 1.036
172557 1.036
172656 1.035
172756 1.034
172856 1.034
172955 1.034
173055 1.033
173154 1.033
173254 1.033
173353 1.032
173453 1.031
173552 1.031
173652 1.030
173751 1.029
173851 1.029
173951 1.029
174050 1.028
174150 1.028
174249 1.027
174349 1.026
174448 1.026
174548 1.026
174647 1.024
174747 1.024
174846 1.024
174946 1.023
175046 1.023
175145 1.022
175245 1.021
175344 1.021
175444 1.020
175543 1.019
175643 1.019
175742 1.018
175842 1.018
175942 1.016
176041 1.016
176141 1.016
176240 1.014
176340 1.014
176439 1.013
176539 1.013
176638 1.011
176738 1.011
176838 1.009
176937 1.009
177037 1.008
177136 1.008
177236 1.007
177335 1.006
177435 1.005
177534 1.004
177634 1.004
177733 1.003
177833 1.003
177933 1.001
178032 1.001
178132 1.000
178231 0.999
178331 0.999
178430 0.998
178530 0.997
178629 0.996
178729 0.996
178828 0.994
178928 0.994
179028 0.993
179127 0.992
179227 0.991
179326 0.991
179426 0.989
179525 0.989
179625 0.988
179724 0.988
179824 0.986
179923 0.986
180023 0.985
180123 0.984
180222 0.983
180322 0.983
180323 0.981
180324 0.982
180325 0.982
180326 0.981
180327 0.981
180328 0.981
180330 0.982
180331 0.981
180332 0.981
180333 0.981
180334 0.981
180335 0.981
180336 0.981
180337 0.981
180339 0.981
180340 0.981
180341 0.982
180342 0.981
180343 0.981
180344 0.981
180345 0.981
180346 0.981
180348 0.981
180349 0.981
180350 0.981
180351 0.981
180352 0.981
180353 0.981
180354 0.981
180355 0.981
180357 0.981
180358 0.981
180359 0.981
180360 0.981
180361 0.981
180362 0.981
180363 0.981
180365 0.981
180366 0.981
180367 0.981
180368 0.981
180369 0.981
180370 0.981
180371 0.981
180372 0.981
180374 0.981
180375 0.981
180376 0.981
180377 0.981
180378 0.981
180379 0.981
180380 0.981
180381 0.981
180383 0.981
180385 0.981
180387 0.981
180389 0.981
180391 0.981
180394 0.981
180396 0.981
180398 0.981
180400 0.981
180403 0.981
180405 0.981
180407 0.981
180409 0.981
180412 0.981
180414 0.981
180416 0.981
180418 0.981
180421 0.981
180423 0.981
180425 0.981
180427 0.981
180429 0.981
180432 0.981
180434 0.981
180436 0.981
180438 0.981
180441 0.981
180443 0.981
180445 0.981
180450 0.981
180454 0.981
180458 0.981
180463 0.981
180467 0.981
180472 0.981
180476 0.981
180481 0.981
180485 0.981
180490 0.981
180494 0.980
180498 0.981
180503 0.980
180507 0.980
180516 0.979
180525 0.979
180534 0.980
180543 0.979
180552 0.979
180561 0.979
180569 0.979
180587 0.979
180605 0.979
180623 0.979
180640 0.979
180676 0.979
180711 0.979
180782 0.978
180881 0.978
180981 0.976
181081 0.976
181180 0.975
181280 0.974
181379 0.973
181479 0.973
181578 0.971
181678 0.971
181777 0.970
181877 0.968
181976 0.968
182076 0.966
182176 0.966
182275 0.965
182375 0.964
182474 0.963
182574 0.962
182673 0.961
182773 0.960
182872 0.959
182972 0.957
183072 0.956
183171 0.955
183271 0.954
183370 0.953
183470 0.951
183569 0.950
183669 0.950
183768 0.948
183868 0.947
183967 0.946
184067 0.945
184167 0.944
184266 0.943
184366 0.941
184465 0.940
184565 0.939
184664 0.937
184764 0.936
184863 0.935
184963 0.933
185063 0.932
185162 0.931
185262 0.929
185361 0.928
185461 0.926
185560 0.925
185660 0.924
185759 0.922
185859 0.921
185959 0.919
186058 0.918
186158 0.916
186257 0.914
186258 0.913
186259 0.913
186261 0.913
186262 0.913
186263 0.913
186264 0.913
186265 0.913
186266 0.913
186267 0.913
186268 0.913
186270 0.913
186271 0.913
186272 0.913
186273 0.913
186274 0.913
186275 0.913
186276 0.913
186277 0.913
186279 0.913
186280 0.913
186281 0.913
186282 0.913
186283 0.913
186284 0.913
186285 0.913
186286 0.913
186288 0.913
186289 0.913
186290 0.913
186291 0.913
186292 0.913
186293 0.913
186294 0.913
186295 0.913
186297 0.913
186298 0.913
186299 0.913
186300 0.913
186301 0.913
186302 0.912
186303 0.913
186305 0.913
186306 0.913
186307 0.913
186308 0.912
186309 0.911
186310 0.913
186311 0.911
186312 0.912
186314 0.911
186315 0.912
186316 0.911
186317 0.911
186318 0.911
186320 0.911
186323 0.911
186325 0.911
186327 0.911
186329 0.911
186331 0.911
186334 0.911
186336 0.911
186338 0.911
186340 0.911
186343 0.911
186345 0.911
186347 0.911
186349 0.911
186352 0.911
186354 0.911
186356 0.911
186358 0.911
186360 0.911
186363 0.911
186365 0.911
186367 0.911
186369 0.911
186372 0.911
186374 0.911
186376 0.911
186378 0.911
186381 0.911
186385 0.911
186389 0.911
186394 0.911
186398 0.911
186403 0.911
186407 0.911
186412 0.911
186416 0.910
186421 0.910
186425 0.910
186429 0.910
186434 0.910
186438 0.910
186443 0.910
186452 0.910
186461 0.910
186469 0.910
186478 0.910
186487 0.910
186496 0.910
186505 0.910
186523 0.908
186540 0.908
186558 0.908
186576 0.908
186611 0.908
186647 0.906
186717 0.906
186817 0.905
186916 0.903
187016 0.902
187116 0.900
187215 0.898
187315 0.896
187414 0.895
187514 0.893
187613 0.891
187713 0.890
187812 0.888
187912 0.886
188011 0.884
188111 0.882
188211 0.880
188310 0.877
188410 0.876
188509 0.873
188609 0.871
188708 0.869
188808 0.867
188907 0.864
189007 0.862
189107 0.859
189206 0.857
189306 0.855
189405 0.852
189505 0.849
189604 0.847
189704 0.844
189803 0.842
189903 0.839
190002 0.837
190102 0.834
190202 0.832
190301 0.829
190401 0.826
190500 0.824
190600 0.821
190699 0.818
190799 0.816
190898 0.813
190998 0.810
191098 0.807
191197 0.804
191297 0.802
191396 0.799
191496 0.796
191595 0.793
191695 0.790
191794 0.787
191894 0.784
191994 0.781
192093 0.778
192193 0.775
192292 0.771
192392 0.768
192491 0.765
192591 0.761
192690 0.758
192790 0.754
192889 0.750
192989 0.746
193089 0.742
193188 0.738
193288 0.734
193387 0.729
193487 0.724
193586 0.719
193686 0.714
193785 0.709
193885 0.703
193985 0.697
