# Este conjunto de dados, denominado CargaPilhasAA, é composto por vários arquivos com dados de descarga e de recuperação de pilhas AA de diversos fabricantes. Estes dados são distribuídos sob licença Creative Commons Attribution 4.0 (CC-BY). <http://creativecommons.org/licenses/by/4.0/>
# This dataset, named CargaPilhasAA, is composed of several files with discharge and recovery of AA batteries from several manufacturers. This dataset is licensed under a Creative Commons Attribution 4.0 International License (CC-BY). <http://creativecommons.org/licenses/by/4.0/>
# Galileu H. Oliveira, Rio de Janeiro, Brasil. Jan/2023.
# Fabricante: DURACELL
# Tipo: alcalina
# Exemplar: 2
# Processo: recuperação
# Corrente: 0 mA
# tempo (segundos)  tensão (volts)
Time DU2
193985 0.697
193986 0.769
193987 0.784
193988 0.794
193989 0.802
193990 0.807
193991 0.813
193992 0.818
193994 0.823
193995 0.826
193996 0.829
193997 0.833
193998 0.836
193999 0.838
194000 0.841
194001 0.843
194003 0.846
194004 0.848
194005 0.850
194006 0.852
194007 0.853
194008 0.856
194009 0.857
194010 0.858
194012 0.860
194013 0.862
194014 0.863
194015 0.864
194016 0.865
194017 0.867
194018 0.867
194019 0.868
194021 0.870
194022 0.871
194023 0.872
194024 0.872
194025 0.873
194026 0.875
194027 0.875
194029 0.877
194030 0.877
194031 0.877
194032 0.878
194033 0.879
194034 0.880
194035 0.881
194036 0.882
194038 0.882
194039 0.883
194040 0.883
194041 0.884
194042 0.885
194043 0.885
194044 0.886
194045 0.887
194047 0.887
194049 0.888
194051 0.889
194053 0.890
194055 0.891
194058 0.892
194060 0.893
194062 0.894
194064 0.895
194067 0.895
194069 0.896
194071 0.897
194073 0.898
194076 0.899
194078 0.900
194080 0.901
194082 0.901
194085 0.903
194087 0.903
194089 0.904
194091 0.905
194093 0.905
194096 0.906
194098 0.906
194100 0.908
194102 0.908
194105 0.910
194107 0.910
194109 0.911
194114 0.912
194118 0.914
194122 0.916
194127 0.917
194131 0.919
194136 0.921
194140 0.923
194145 0.924
194149 0.926
194154 0.928
194158 0.929
194162 0.931
194167 0.933
194171 0.934
194180 0.937
194189 0.939
194198 0.942
194207 0.944
194216 0.947
194225 0.949
194233 0.951
194251 0.955
194269 0.958
194287 0.962
194304 0.966
194340 0.971
194375 0.977
194446 0.984
194545 0.993
194645 1.000
194745 1.006
194844 1.011
194944 1.016
195043 1.020
195143 1.023
195242 1.026
195342 1.029
195441 1.032
195541 1.034
195640 1.037
195740 1.039
195840 1.041
195841 1.042
195842 1.042
195843 1.042
195844 1.042
195845 1.041
195846 1.042
195847 1.042
195849 1.043
195850 1.042
195851 1.043
195852 1.043
195853 1.042
195855 1.043
195856 1.043
195857 1.042
195858 1.043
195859 1.043
195860 1.043
195861 1.043
195862 1.043
195864 1.042
195865 1.043
195866 1.043
195867 1.043
195868 1.043
195869 1.043
195870 1.043
195871 1.043
195873 1.043
195874 1.043
195875 1.043
195876 1.043
195877 1.043
195878 1.043
195879 1.043
195880 1.043
195882 1.043
195883 1.043
195884 1.043
195885 1.043
195886 1.043
195887 1.043
195888 1.043
195890 1.043
195891 1.043
195892 1.043
195893 1.043
195894 1.043
195895 1.043
195896 1.043
195897 1.043
195899 1.043
195900 1.043
195901 1.043
195903 1.043
195905 1.043
195907 1.043
195910 1.043
195912 1.043
195914 1.043
195916 1.043
195919 1.043
195921 1.043
195923 1.043
195925 1.043
195928 1.043
195930 1.043
195932 1.043
195934 1.044
195937 1.043
195939 1.044
195941 1.044
195943 1.044
195945 1.044
195948 1.044
195950 1.044
195952 1.044
195954 1.044
195957 1.044
195959 1.044
195961 1.044
195963 1.044
195968 1.044
195972 1.044
195977 1.044
195981 1.044
195986 1.044
195990 1.044
195994 1.044
195999 1.044
196003 1.044
196008 1.044
196012 1.044
196017 1.044
196021 1.044
196026 1.045
196034 1.045
196043 1.046
196052 1.046
196061 1.046
196070 1.046
196079 1.046
196088 1.046
196105 1.046
196123 1.046
196141 1.047
196159 1.048
196194 1.048
196229 1.048
196300 1.049
196400 1.050
196499 1.051
196599 1.053
196698 1.054
196798 1.055
196897 1.056
196997 1.057
197097 1.058
197196 1.059
197296 1.061
197395 1.061
197495 1.063
197594 1.063
197694 1.064
197793 1.065
197893 1.066
197992 1.066
198092 1.067
198192 1.067
198291 1.069
198391 1.069
198490 1.069
198590 1.071
198689 1.071
198789 1.072
198888 1.072
198988 1.072
199088 1.073
199187 1.074
199287 1.074
199386 1.075
199486 1.076
199585 1.076
199685 1.076
199784 1.077
199884 1.077
199984 1.077
200083 1.078
200183 1.079
200282 1.079
200382 1.079
200481 1.079
200581 1.081
200680 1.081
200780 1.081
200879 1.081
200979 1.082
201079 1.082
201178 1.082
201278 1.082
201377 1.082
201477 1.084
201576 1.084
201676 1.084
201775 1.084
201875 1.084
201975 1.085
202074 1.086
202174 1.086
202273 1.086
202373 1.086
202472 1.086
202572 1.086
202671 1.087
202771 1.087
202871 1.087
202970 1.087
203070 1.087
203169 1.088
203269 1.089
203368 1.089
203468 1.089
203567 1.089
203667 1.089
203766 1.089
203866 1.089
203966 1.089
204065 1.090
204165 1.091
204264 1.091
204364 1.091
204463 1.091
204563 1.091
204662 1.091
204762 1.091
204862 1.092
204961 1.092
205061 1.092
205160 1.092
205260 1.092
205359 1.092
205459 1.092
205558 1.092
205658 1.092
205758 1.093
205857 1.094
205957 1.094
206056 1.094
206156 1.094
206255 1.094
206355 1.094
206454 1.094
206554 1.094
206654 1.094
206753 1.094
206853 1.095
206952 1.095
207052 1.096
207151 1.096
207251 1.096
207350 1.096
207450 1.096
207549 1.096
207649 1.096
207749 1.096
207848 1.096
207948 1.096
208047 1.096
208147 1.097
208246 1.097
208346 1.097
208445 1.097
208545 1.097
208645 1.097
208744 1.097
208844 1.097
208943 1.097
209043 1.097
209142 1.097
209242 1.097
209341 1.097
209441 1.098
209541 1.098
209640 1.099
209740 1.099
209839 1.099
209939 1.099
210038 1.099
210138 1.099
210237 1.099
210337 1.099
210436 1.099
210536 1.099
210636 1.099
210735 1.099
210835 1.099
210934 1.099
211034 1.099
211133 1.100
211233 1.100
211332 1.100
211432 1.101
211532 1.101
211631 1.101
211731 1.101
211830 1.101
211930 1.101
212029 1.101
212129 1.101
212228 1.101
212328 1.101
212428 1.101
212527 1.101
212627 1.101
212726 1.101
212826 1.101
212925 1.101
213025 1.101
213124 1.101
213224 1.102
213324 1.102
213423 1.102
213523 1.102
213622 1.102
213722 1.102
213821 1.102
213921 1.102
214020 1.102
214120 1.102
214220 1.102
214319 1.102
214419 1.102
214518 1.102
214618 1.102
214717 1.102
214817 1.102
214916 1.102
215016 1.102
215115 1.102
215215 1.102
215315 1.102
215414 1.102
215514 1.102
215613 1.102
215713 1.103
215812 1.103
215912 1.103
216011 1.104
216111 1.104
216211 1.104
216310 1.104
216410 1.104
216509 1.104
216609 1.104
216708 1.104
216808 1.104
216907 1.104
217007 1.104
217107 1.104
217206 1.104
217306 1.104
217405 1.104
217505 1.104
217604 1.104
217704 1.104
217803 1.104
217903 1.104
218002 1.104
218102 1.104
218202 1.104
218301 1.104
218401 1.104
218500 1.104
218600 1.104
218699 1.104
218799 1.104
218898 1.104
218998 1.104
219098 1.104
219197 1.105
219297 1.105
219396 1.105
219496 1.106
219595 1.106
219695 1.106
