# Este conjunto de dados, denominado CargaPilhasAA, é composto por vários arquivos com dados de descarga e de recuperação de pilhas AA de diversos fabricantes. Estes dados são distribuídos sob licença Creative Commons Attribution 4.0 (CC-BY). <http://creativecommons.org/licenses/by/4.0/>
# This dataset, named CargaPilhasAA, is composed of several files with discharge and recovery of AA batteries from several manufacturers. This dataset is licensed under a Creative Commons Attribution 4.0 International License (CC-BY). <http://creativecommons.org/licenses/by/4.0/>
# Galileu H. Oliveira, Rio de Janeiro, Brasil. Jan/2023.
# Fabricante: GREEN
# Tipo: comum
# Exemplar: 1
# Processo: recuperação
# Corrente: 0 mA
# tempo (segundos)  tensão (volts)
Time  G1
42125 0.700
42126 0.799
42127 0.811
42128 0.819
42129 0.827
42130 0.833
42132 0.838
42133 0.844
42134 0.850
42135 0.854
42136 0.859
42137 0.863
42138 0.867
42139 0.871
42141 0.874
42142 0.877
42143 0.881
42144 0.882
42145 0.886
42146 0.889
42147 0.891
42148 0.894
42150 0.896
42151 0.898
42152 0.901
42153 0.902
42154 0.905
42155 0.906
42156 0.908
42158 0.910
42159 0.911
42160 0.913
42161 0.915
42162 0.916
42163 0.917
42164 0.919
42165 0.921
42167 0.922
42168 0.923
42169 0.925
42170 0.926
42171 0.926
42172 0.928
42173 0.929
42174 0.930
42176 0.931
42177 0.931
42178 0.933
42179 0.934
42180 0.935
42181 0.935
42182 0.936
42184 0.938
42185 0.938
42186 0.940
42187 0.940
42188 0.941
42189 0.941
42190 0.942
42191 0.943
42193 0.944
42194 0.945
42195 0.945
42196 0.946
42197 0.946
42198 0.947
42199 0.948
42200 0.948
42202 0.949
42203 0.950
42204 0.950
42205 0.951
42206 0.951
42207 0.951
42208 0.952
42210 0.953
42211 0.953
42212 0.954
42213 0.955
42214 0.955
42215 0.955
42216 0.956
42217 0.956
42219 0.956
42220 0.957
42221 0.958
42222 0.958
42223 0.959
42224 0.960
42225 0.960
42226 0.960
42228 0.960
42229 0.961
42230 0.961
42231 0.961
42232 0.961
42233 0.963
42234 0.963
42236 0.963
42237 0.963
42238 0.965
42239 0.965
42240 0.965
42241 0.965
42242 0.966
42243 0.966
42245 0.966
42246 0.966
42247 0.967
42248 0.966
42249 0.968
42250 0.968
42251 0.968
42252 0.968
42254 0.970
42255 0.970
42256 0.970
42257 0.970
42258 0.970
42259 0.971
42260 0.971
42262 0.971
42263 0.971
42264 0.971
42265 0.971
42266 0.973
42267 0.973
42268 0.973
42269 0.973
42271 0.973
42272 0.975
42273 0.975
42274 0.975
42275 0.975
42276 0.975
42277 0.975
42278 0.975
42280 0.976
42281 0.976
42282 0.976
42283 0.976
42284 0.976
42285 0.978
42286 0.978
42288 0.978
42289 0.978
42290 0.978
42291 0.978
42292 0.979
42293 0.979
42294 0.979
42295 0.979
42297 0.979
42298 0.980
42299 0.981
42300 0.981
42301 0.981
42302 0.981
42303 0.981
42304 0.981
42306 0.983
42307 0.983
42308 0.983
42309 0.983
42310 0.983
42311 0.983
42312 0.983
42314 0.984
42315 0.984
42316 0.984
42317 0.984
42318 0.984
42319 0.984
42320 0.984
42321 0.985
42323 0.986
42324 0.986
42325 0.986
42326 0.986
42327 0.986
42328 0.987
42329 0.987
42330 0.988
42332 0.988
42333 0.988
42334 0.988
42335 0.988
42336 0.988
42337 0.989
42338 0.989
42340 0.989
42341 0.989
42342 0.989
42343 0.989
42344 0.989
42345 0.989
42346 0.991
42347 0.991
42349 0.991
42350 0.991
42351 0.991
42352 0.991
42353 0.991
42354 0.992
42355 0.993
42356 0.993
42358 0.993
42359 0.993
42360 0.993
42361 0.993
42362 0.993
42363 0.994
42364 0.994
42366 0.994
42367 0.994
42368 0.994
42369 0.994
42370 0.994
42371 0.994
42372 0.996
42374 0.996
42375 0.996
42376 0.996
42377 0.996
42378 0.996
42379 0.997
42380 0.996
42381 0.998
42383 0.998
42384 0.998
42385 0.998
42386 0.998
42387 0.998
42388 0.998
42389 0.998
42391 0.998
42392 0.999
42393 0.999
42394 0.999
42395 0.999
42396 0.999
42397 0.999
42398 0.999
42400 0.999
42401 0.999
42402 0.999
42403 1.000
42404 1.000
42405 1.001
42406 1.001
42407 1.001
42409 1.001
42410 1.001
42411 1.001
42412 1.001
42413 1.003
42414 1.003
42415 1.003
42417 1.003
42418 1.003
42419 1.003
42420 1.003
42421 1.003
42422 1.003
42423 1.003
42424 1.004
42426 1.004
42427 1.004
42428 1.004
42429 1.004
42430 1.004
42431 1.004
42432 1.004
42433 1.004
42435 1.004
42436 1.006
42437 1.006
42438 1.006
42439 1.006
42440 1.006
42441 1.006
42443 1.006
42444 1.006
42445 1.006
42446 1.007
42447 1.008
42448 1.008
42449 1.008
42450 1.008
42452 1.008
42453 1.008
42454 1.008
42455 1.008
42456 1.008
42457 1.008
42458 1.009
42459 1.009
42461 1.009
42462 1.009
42463 1.009
42464 1.009
42465 1.009
42466 1.009
42467 1.009
42469 1.009
42470 1.010
42471 1.011
42472 1.011
42473 1.011
42474 1.011
42475 1.011
42476 1.011
42478 1.011
42479 1.011
42480 1.011
42481 1.011
42482 1.012
42483 1.013
42484 1.013
42485 1.013
42487 1.013
42488 1.013
42489 1.013
42490 1.013
42491 1.013
42492 1.013
42493 1.014
42495 1.014
42496 1.014
42497 1.014
42498 1.014
42499 1.014
42500 1.014
42501 1.014
42502 1.014
42504 1.014
42505 1.014
42506 1.014
42507 1.016
42508 1.016
42509 1.016
42510 1.016
42511 1.016
42513 1.016
42514 1.016
42515 1.016
42516 1.016
42517 1.017
42518 1.017
42519 1.017
42521 1.017
42522 1.018
42523 1.018
42524 1.018
42525 1.018
42526 1.018
42527 1.018
42528 1.018
42530 1.018
42531 1.018
42532 1.019
42533 1.019
42534 1.019
42535 1.019
42536 1.019
42537 1.019
42539 1.019
42540 1.019
42541 1.019
42542 1.019
42543 1.019
42544 1.019
42545 1.020
42547 1.021
42548 1.021
42549 1.021
42550 1.021
42551 1.021
42552 1.021
42553 1.021
42554 1.021
42556 1.021
42557 1.021
42558 1.021
42559 1.021
42560 1.021
42561 1.023
42562 1.023
42563 1.023
42565 1.023
42566 1.023
42567 1.023
42568 1.023
42569 1.023
42570 1.023
42571 1.023
42573 1.023
42574 1.023
42575 1.024
42576 1.024
42577 1.024
42578 1.024
42579 1.024
42580 1.024
42582 1.024
42583 1.024
42584 1.024
42585 1.024
42586 1.024
42587 1.024
42588 1.025
42590 1.025
42591 1.025
42592 1.026
42593 1.026
42594 1.026
42595 1.026
42596 1.026
42597 1.026
42599 1.026
42600 1.026
42601 1.026
42602 1.026
42603 1.026
42604 1.028
42605 1.028
42606 1.028
42608 1.028
42609 1.028
42610 1.028
42611 1.028
42612 1.028
42613 1.028
42614 1.028
42616 1.028
42617 1.028
42618 1.028
42619 1.028
42620 1.029
42621 1.029
42622 1.029
42623 1.029
42625 1.029
42626 1.028
42627 1.029
42628 1.029
42629 1.029
42630 1.029
42631 1.029
42632 1.029
42634 1.030
42635 1.030
42636 1.029
42637 1.031
42638 1.031
42639 1.031
42640 1.031
42642 1.031
42643 1.031
42644 1.031
42645 1.031
42646 1.031
42647 1.031
42648 1.031
42649 1.031
42651 1.032
42652 1.032
42653 1.032
42654 1.033
42655 1.033
42656 1.033
42657 1.033
42658 1.032
42660 1.033
42661 1.033
42662 1.033
42663 1.033
42664 1.032
42665 1.033
42666 1.033
42668 1.033
42669 1.033
42670 1.034
42671 1.034
42672 1.034
42673 1.034
42674 1.034
42675 1.034
42677 1.034
42678 1.034
42679 1.034
42680 1.034
42681 1.034
42682 1.034
42683 1.034
42684 1.034
42686 1.035
42687 1.035
42688 1.036
42689 1.036
42690 1.036
42691 1.036
42692 1.036
42694 1.036
42695 1.036
42696 1.036
42697 1.036
42698 1.036
42699 1.036
42700 1.036
42701 1.036
42703 1.036
42704 1.037
42705 1.038
42706 1.038
42707 1.038
42708 1.038
42709 1.038
42710 1.038
42712 1.038
42713 1.038
42714 1.038
42715 1.038
42716 1.038
42717 1.038
42718 1.038
42720 1.038
42721 1.038
42722 1.038
42723 1.038
42724 1.039
42725 1.039
42726 1.039
42727 1.039
42729 1.039
42730 1.039
42731 1.039
42732 1.039
42733 1.039
42734 1.039
42735 1.039
42736 1.039
42738 1.039
42739 1.039
42740 1.040
42741 1.041
42742 1.041
42743 1.041
42744 1.041
42746 1.041
42747 1.041
42748 1.041
42749 1.041
42750 1.041
42751 1.041
42752 1.041
42753 1.041
42755 1.041
42756 1.041
42757 1.041
42758 1.041
42759 1.043
42760 1.043
42761 1.043
42762 1.043
42764 1.043
42765 1.042
42766 1.043
42767 1.043
42768 1.043
42769 1.043
42770 1.043
42772 1.043
42773 1.043
42774 1.043
42775 1.043
42776 1.043
42777 1.043
42778 1.043
42779 1.043
42781 1.044
42782 1.044
42783 1.044
42784 1.044
42785 1.044
42786 1.044
42787 1.044
42788 1.044
42790 1.044
42791 1.044
42792 1.044
42793 1.044
42794 1.044
42795 1.044
42796 1.045
42798 1.045
42799 1.046
42800 1.046
42801 1.046
42802 1.046
42803 1.046
42804 1.046
42805 1.046
42807 1.046
42808 1.046
42809 1.046
42810 1.046
42811 1.046
42812 1.046
42813 1.046
42814 1.046
42816 1.046
42817 1.047
42818 1.047
42819 1.048
42820 1.048
42821 1.048
42822 1.048
42824 1.048
42825 1.048
42826 1.048
42827 1.048
42828 1.048
42829 1.048
42830 1.048
42831 1.048
42833 1.048
42834 1.048
42835 1.048
42836 1.048
42837 1.048
42838 1.048
42839 1.049
42840 1.049
42842 1.049
42843 1.049
42844 1.049
42845 1.049
42846 1.049
42847 1.049
42848 1.049
42850 1.049
42851 1.049
42852 1.049
42853 1.049
42854 1.049
42855 1.049
42856 1.049
42857 1.049
42859 1.050
42860 1.050
42861 1.051
42862 1.051
42863 1.051
42864 1.051
42865 1.051
42866 1.052
42868 1.051
42869 1.051
42870 1.051
42871 1.051
42872 1.051
42873 1.051
42874 1.051
42876 1.051
42877 1.051
42878 1.052
42879 1.051
42880 1.053
42881 1.052
42882 1.053
42883 1.053
42885 1.053
42886 1.053
42887 1.053
42888 1.053
42889 1.053
42890 1.053
42891 1.053
42892 1.053
42894 1.053
42895 1.053
42896 1.053
42897 1.053
42898 1.053
42899 1.053
42900 1.053
42902 1.053
42903 1.054
42904 1.053
42905 1.054
42906 1.054
42907 1.054
42908 1.054
42909 1.054
42911 1.054
42912 1.054
42913 1.054
42914 1.054
42915 1.054
42916 1.054
42918 1.054
42919 1.054
42920 1.054
42921 1.054
42922 1.054
42923 1.056
42924 1.055
42925 1.056
42927 1.056
42928 1.056
42929 1.056
42930 1.056
42931 1.056
42932 1.056
42933 1.056
42934 1.056
42936 1.056
42937 1.056
42938 1.056
42939 1.056
42940 1.056
42941 1.056
42942 1.056
42944 1.056
42945 1.056
42946 1.056
42947 1.057
42948 1.058
42949 1.058
42950 1.058
42951 1.058
42953 1.058
42954 1.058
42955 1.058
42956 1.058
42957 1.058
42958 1.058
42959 1.058
42960 1.058
42962 1.058
42963 1.058
42964 1.058
42965 1.058
42966 1.058
42967 1.058
42968 1.058
42970 1.059
42971 1.059
42972 1.059
42973 1.059
42974 1.059
42975 1.059
42976 1.059
42977 1.059
42979 1.059
42980 1.059
42981 1.059
42982 1.059
42983 1.059
42984 1.059
42985 1.059
42986 1.059
42988 1.059
42989 1.059
42990 1.059
42991 1.059
42992 1.060
42993 1.059
42994 1.061
42996 1.061
42997 1.061
42998 1.061
42999 1.061
43000 1.061
43001 1.061
43002 1.061
43003 1.061
43005 1.061
43006 1.061
43007 1.061
43008 1.061
43009 1.061
43010 1.061
43011 1.062
43012 1.061
43014 1.063
43015 1.063
43016 1.063
43017 1.063
43018 1.063
43019 1.063
43020 1.063
43022 1.063
43023 1.063
43024 1.063
43025 1.063
43026 1.063
43027 1.063
43028 1.063
43029 1.063
43031 1.063
43032 1.063
43033 1.063
43034 1.063
43035 1.063
43036 1.063
43037 1.063
43038 1.063
43040 1.063
43041 1.063
43042 1.064
43043 1.064
43044 1.064
43045 1.064
43046 1.064
43048 1.064
43049 1.064
43050 1.064
43051 1.064
43052 1.064
43053 1.064
43054 1.064
43055 1.064
43057 1.064
43058 1.064
43059 1.064
43060 1.064
43061 1.064
43062 1.064
43063 1.064
43064 1.064
43066 1.066
43067 1.066
43068 1.066
43069 1.066
43070 1.066
43071 1.066
43072 1.066
43074 1.066
43075 1.066
43076 1.066
43077 1.066
43078 1.066
43079 1.066
43080 1.066
43081 1.066
43083 1.066
43084 1.066
43085 1.066
43086 1.066
43087 1.066
43088 1.066
43089 1.067
43090 1.067
43092 1.067
43093 1.067
43094 1.067
43095 1.067
43096 1.067
43097 1.067
43098 1.067
43100 1.067
43101 1.067
43102 1.067
43103 1.067
43104 1.067
43105 1.067
43106 1.067
43107 1.067
43109 1.067
43110 1.067
43111 1.067
43112 1.067
43113 1.067
43114 1.068
43115 1.069
43116 1.069
43118 1.069
43119 1.069
43120 1.069
43121 1.069
43122 1.069
43123 1.069
43124 1.069
43126 1.069
43127 1.069
43128 1.069
43129 1.069
43130 1.069
43131 1.069
43132 1.069
43133 1.069
43135 1.069
43136 1.069
43137 1.069
43138 1.069
43139 1.069
43140 1.070
43141 1.069
43142 1.070
43144 1.071
43145 1.071
43146 1.070
43147 1.071
43148 1.071
43149 1.071
43150 1.071
43152 1.071
43153 1.071
43154 1.071
43155 1.071
43156 1.071
43157 1.071
43158 1.071
43159 1.071
43161 1.071
43162 1.071
43163 1.071
43164 1.071
43165 1.071
43166 1.072
43167 1.072
43168 1.071
43170 1.072
43171 1.072
43172 1.072
43173 1.072
43174 1.072
43175 1.072
43176 1.072
43178 1.072
43179 1.072
43180 1.072
43181 1.072
43182 1.072
43183 1.072
43184 1.072
43185 1.072
43187 1.072
43188 1.072
43189 1.072
43190 1.072
43191 1.072
43192 1.072
43193 1.073
43194 1.073
43196 1.072
43197 1.073
43198 1.074
43199 1.074
43200 1.074
43201 1.074
43202 1.074
43204 1.074
43205 1.074
43206 1.074
43207 1.074
43208 1.074
43209 1.074
43210 1.074
43211 1.074
43213 1.074
43214 1.074
43215 1.074
43216 1.074
43217 1.074
43218 1.074
43219 1.074
43221 1.074
43222 1.074
43223 1.074
43224 1.074
43225 1.076
43226 1.076
43227 1.076
43228 1.076
43230 1.076
43231 1.076
43232 1.076
43233 1.076
43234 1.076
43235 1.076
43236 1.076
43237 1.076
43239 1.076
43240 1.076
43241 1.076
43242 1.076
43243 1.076
43244 1.076
43245 1.076
43247 1.076
43248 1.076
43249 1.077
43250 1.076
43251 1.076
43252 1.076
43253 1.077
43254 1.077
43256 1.077
43257 1.077
43258 1.077
43259 1.077
43260 1.077
43261 1.077
43262 1.077
43263 1.077
43265 1.077
43266 1.077
43267 1.077
43268 1.077
43269 1.077
43270 1.077
43271 1.077
43273 1.077
43274 1.077
43275 1.077
43276 1.077
43277 1.077
43278 1.077
43279 1.078
43280 1.077
43282 1.077
43283 1.078
43284 1.078
43285 1.079
43286 1.079
43287 1.079
43288 1.079
43289 1.079
43291 1.079
43292 1.079
43293 1.079
43294 1.079
43295 1.079
43296 1.079
43297 1.079
43299 1.079
43300 1.079
43301 1.079
43302 1.079
43303 1.079
43304 1.079
43305 1.079
43306 1.079
43308 1.079
43309 1.079
43310 1.079
43311 1.080
43312 1.080
43313 1.079
43314 1.081
43315 1.081
43317 1.081
43318 1.081
43319 1.081
43320 1.081
43321 1.081
43322 1.081
43323 1.081
43325 1.081
43326 1.081
43327 1.081
43328 1.081
43329 1.081
43330 1.080
43331 1.081
43332 1.081
43334 1.081
43335 1.081
43336 1.081
43337 1.081
43338 1.081
43339 1.081
43340 1.082
43341 1.082
43343 1.082
43344 1.082
43345 1.082
43346 1.082
43347 1.082
43348 1.082
43349 1.082
43351 1.082
43352 1.082
43353 1.082
43354 1.082
43355 1.082
43356 1.082
43357 1.082
43358 1.082
43360 1.082
43361 1.082
43362 1.082
43363 1.082
43364 1.082
43365 1.082
43366 1.082
43367 1.082
43369 1.082
43370 1.082
43371 1.082
43372 1.082
43373 1.084
43374 1.084
43375 1.084
43377 1.084
43378 1.084
43379 1.083
43380 1.084
43381 1.084
43382 1.084
43383 1.084
43384 1.084
43386 1.084
43387 1.084
43388 1.084
43389 1.084
43390 1.084
43391 1.084
43392 1.084
43393 1.084
43395 1.084
43396 1.084
43397 1.084
43398 1.084
43399 1.084
43400 1.084
43401 1.084
43403 1.084
43404 1.084
43405 1.086
43406 1.085
43407 1.086
43408 1.086
43409 1.086
43410 1.086
43412 1.086
43413 1.086
43414 1.086
43415 1.086
43416 1.086
43417 1.086
43418 1.086
43419 1.086
43421 1.086
43422 1.086
43423 1.086
43424 1.086
43425 1.086
43426 1.086
43427 1.086
43429 1.086
43430 1.086
43431 1.086
43432 1.086
43433 1.086
43434 1.086
43435 1.086
43436 1.087
43438 1.086
43439 1.087
43440 1.087
43441 1.087
43442 1.087
43443 1.087
43444 1.087
43445 1.087
43447 1.087
43448 1.087
43449 1.087
43450 1.087
43451 1.087
43452 1.087
43453 1.087
43455 1.087
43456 1.087
43457 1.087
43458 1.087
43459 1.087
43460 1.087
43461 1.087
43462 1.087
43464 1.087
43465 1.087
43466 1.087
43467 1.088
43468 1.088
43469 1.088
43470 1.089
43472 1.089
43473 1.089
43474 1.089
43475 1.089
43476 1.089
43477 1.089
43478 1.089
43480 1.089
43481 1.089
43482 1.089
43483 1.089
43484 1.089
43485 1.089
43486 1.089
43487 1.089
43489 1.089
43490 1.089
43491 1.089
43492 1.089
43493 1.089
43494 1.089
43495 1.089
43496 1.089
43498 1.089
43499 1.089
43500 1.090
43501 1.089
43502 1.089
43503 1.089
43504 1.089
43506 1.090
43507 1.091
43508 1.091
43509 1.091
43510 1.091
43511 1.091
43512 1.091
43513 1.091
43515 1.091
43516 1.091
43517 1.091
43518 1.091
43519 1.091
43520 1.091
43521 1.091
43522 1.091
43524 1.091
43525 1.091
43526 1.091
43527 1.091
43528 1.091
43529 1.091
43530 1.091
43532 1.091
43533 1.091
43534 1.091
43535 1.092
43536 1.091
43537 1.091
43538 1.092
43539 1.092
43541 1.092
43542 1.092
43543 1.092
43544 1.092
43545 1.092
43546 1.092
43547 1.092
43548 1.092
43550 1.092
43551 1.092
43552 1.092
43553 1.092
43554 1.092
43555 1.092
43556 1.092
43558 1.092
43559 1.092
43560 1.092
43561 1.092
43562 1.092
43563 1.092
43564 1.092
43565 1.092
43567 1.092
43568 1.092
43569 1.092
43570 1.092
43571 1.092
43572 1.093
43573 1.093
43574 1.094
43576 1.094
43577 1.094
43578 1.094
43579 1.094
43580 1.094
43581 1.094
43582 1.094
43584 1.094
43585 1.094
43586 1.094
43587 1.094
43588 1.094
43589 1.094
43590 1.094
43591 1.093
43593 1.094
43594 1.094
43595 1.094
43596 1.094
43597 1.094
43598 1.094
43599 1.094
43600 1.094
43602 1.094
43603 1.094
43604 1.094
43605 1.094
43606 1.094
43607 1.095
43608 1.096
43610 1.094
43611 1.096
43612 1.096
43613 1.095
43614 1.096
43615 1.096
43616 1.096
43617 1.096
43619 1.096
43620 1.096
43621 1.096
43622 1.096
43623 1.096
43624 1.096
43625 1.096
43626 1.096
43628 1.096
43629 1.096
43630 1.096
43631 1.096
43632 1.096
43633 1.096
43634 1.096
43636 1.096
43637 1.096
43638 1.096
43639 1.096
43640 1.096
43641 1.096
43642 1.096
43643 1.097
43645 1.097
43646 1.097
43647 1.097
43648 1.097
43649 1.097
43650 1.097
43651 1.097
43652 1.097
43654 1.097
43655 1.097
43656 1.097
43657 1.097
43658 1.097
43659 1.097
43660 1.097
43662 1.097
43663 1.097
43664 1.097
43665 1.097
43666 1.097
43667 1.097
43668 1.097
43669 1.097
43671 1.097
43672 1.097
43673 1.097
43674 1.097
43675 1.097
43676 1.098
43677 1.097
43678 1.098
43680 1.097
43681 1.098
43682 1.099
43683 1.098
43684 1.099
43685 1.099
43686 1.099
43688 1.099
43689 1.099
43690 1.099
43691 1.099
43692 1.099
43693 1.099
43694 1.099
43695 1.099
43697 1.099
43698 1.099
43699 1.099
43700 1.099
43701 1.099
43702 1.099
43703 1.099
43704 1.099
43706 1.099
43707 1.099
43708 1.099
43709 1.099
43710 1.099
43711 1.099
43712 1.099
43714 1.099
43715 1.100
43716 1.100
43717 1.100
43718 1.100
43719 1.100
43720 1.101
43721 1.101
43723 1.101
43724 1.101
43725 1.101
43726 1.101
43727 1.101
43728 1.101
43729 1.101
43730 1.101
43732 1.101
43733 1.101
43734 1.101
43735 1.101
43736 1.101
43737 1.101
43738 1.101
43740 1.101
43741 1.101
43742 1.101
43743 1.101
43744 1.101
43745 1.101
43746 1.101
43747 1.101
43749 1.101
43750 1.101
43751 1.101
43752 1.101
43753 1.102
43754 1.101
43755 1.101
43756 1.102
43758 1.102
43759 1.102
43760 1.102
43761 1.102
43762 1.102
43763 1.102
43764 1.102
43766 1.102
43767 1.102
43768 1.102
43769 1.102
43770 1.102
43771 1.102
43772 1.102
43773 1.102
43775 1.102
43776 1.102
43777 1.102
43778 1.102
43779 1.102
43780 1.102
43781 1.102
43782 1.102
43784 1.102
43785 1.102
43786 1.102
43787 1.102
43788 1.102
43789 1.102
43790 1.102
43792 1.102
43793 1.102
43794 1.102
43795 1.103
43796 1.103
43797 1.104
43798 1.104
43799 1.103
43801 1.104
43802 1.104
43803 1.104
43804 1.104
43805 1.104
43806 1.104
43807 1.104
43809 1.104
43810 1.104
43811 1.104
43812 1.104
43813 1.104
43814 1.104
43815 1.104
43816 1.104
43818 1.104
43819 1.104
43820 1.104
43821 1.104
43822 1.104
43823 1.104
43824 1.104
43825 1.104
43827 1.104
43828 1.104
43829 1.104
43830 1.104
43831 1.104
43832 1.104
43833 1.104
43835 1.105
43836 1.105
43837 1.105
43838 1.106
43839 1.105
43840 1.106
43841 1.106
43842 1.106
43844 1.106
43845 1.106
43846 1.106
43847 1.106
43848 1.106
43849 1.106
43850 1.106
43851 1.106
43853 1.106
43854 1.106
43855 1.106
43856 1.106
43857 1.106
43858 1.106
43859 1.106
43861 1.106
43862 1.106
43863 1.106
43864 1.106
43865 1.106
43866 1.106
43867 1.106
43868 1.106
43870 1.106
43871 1.106
43872 1.106
43873 1.106
43874 1.106
43875 1.106
43876 1.107
43877 1.106
43879 1.107
43880 1.107
43881 1.107
43882 1.107
43883 1.107
43884 1.107
43885 1.107
43887 1.107
43888 1.107
43889 1.107
43890 1.106
43891 1.107
43892 1.107
43893 1.107
43894 1.107
43896 1.107
43897 1.107
43898 1.107
43899 1.107
43900 1.107
43901 1.107
43902 1.107
43903 1.107
43905 1.107
43906 1.107
43907 1.107
43908 1.107
43909 1.107
43910 1.107
43911 1.107
43913 1.107
43914 1.107
43915 1.107
43916 1.108
43917 1.107
43918 1.108
43919 1.108
43920 1.109
43922 1.108
43923 1.109
43924 1.109
43925 1.109
43926 1.109
43927 1.109
43928 1.109
43929 1.109
43931 1.109
43932 1.109
43933 1.109
43934 1.109
43935 1.109
43936 1.109
43937 1.109
43939 1.109
43940 1.109
43941 1.109
43942 1.109
43943 1.109
43944 1.109
43945 1.109
43946 1.109
43948 1.109
43949 1.109
43950 1.109
43951 1.109
43952 1.109
43953 1.109
43954 1.109
43955 1.109
43957 1.109
43958 1.110
43959 1.109
43960 1.109
43961 1.111
43962 1.111
43963 1.111
43965 1.111
43966 1.111
43967 1.111
43968 1.111
43969 1.111
43970 1.111
43971 1.111
43972 1.111
43974 1.111
43975 1.111
43976 1.111
43977 1.111
43978 1.111
43979 1.111
43980 1.111
43981 1.111
43983 1.111
43984 1.111
43985 1.111
43986 1.111
43987 1.111
43988 1.111
43989 1.111
43991 1.111
43992 1.111
43993 1.111
43994 1.111
43995 1.111
43996 1.111
43997 1.111
43998 1.111
44000 1.111
44001 1.112
44002 1.111
44003 1.111
44004 1.111
44005 1.111
44006 1.111
44007 1.112
44009 1.111
44010 1.112
44011 1.112
44012 1.112
44013 1.112
44014 1.112
44016 1.112
44017 1.112
44018 1.112
44019 1.112
44020 1.112
44021 1.112
44022 1.112
44023 1.112
44025 1.112
44026 1.112
44027 1.112
44028 1.112
44029 1.112
44030 1.112
44031 1.112
44032 1.112
44034 1.112
44035 1.112
44036 1.112
44037 1.112
44038 1.112
44039 1.112
44040 1.112
44042 1.112
44043 1.112
44044 1.112
44045 1.113
44046 1.114
44047 1.114
44048 1.114
44049 1.114
44051 1.114
44052 1.114
44053 1.114
44054 1.114
44055 1.114
44056 1.114
44057 1.114
44058 1.114
44060 1.114
44061 1.114
44062 1.114
44063 1.114
44064 1.114
44065 1.114
44066 1.114
44068 1.114
44069 1.114
44070 1.114
44071 1.114
44072 1.115
44073 1.114
44074 1.114
44075 1.114
44077 1.114
44078 1.114
44079 1.114
44080 1.114
44081 1.114
44082 1.114
44083 1.114
44085 1.114
44086 1.114
44087 1.115
44088 1.115
44089 1.115
44090 1.116
44091 1.116
44092 1.116
44094 1.116
44095 1.116
44096 1.116
44097 1.116
44098 1.116
44099 1.115
44100 1.116
44101 1.116
44103 1.116
44105 1.116
44107 1.116
44109 1.116
44112 1.116
44114 1.116
44116 1.116
44118 1.116
44120 1.116
44123 1.116
44125 1.116
44127 1.116
44129 1.116
44132 1.116
44134 1.116
44136 1.116
44138 1.116
44141 1.117
44143 1.117
44145 1.117
44147 1.117
44150 1.117
44152 1.117
44154 1.117
44156 1.117
44158 1.117
44161 1.117
44163 1.117
44165 1.117
44170 1.117
44174 1.117
44179 1.117
44183 1.117
44187 1.119
44192 1.119
44196 1.119
44201 1.119
44205 1.119
44210 1.119
44214 1.119
44219 1.119
44223 1.119
44227 1.119
44236 1.120
44245 1.121
44254 1.121
44263 1.121
44272 1.121
44281 1.121
44290 1.122
44307 1.122
44325 1.122
44343 1.124
44360 1.124
44396 1.125
44431 1.126
44502 1.128
44602 1.130
44701 1.133
44801 1.136
44900 1.139
45000 1.141
45099 1.144
45199 1.146
45299 1.149
45398 1.151
45498 1.153
45597 1.156
45697 1.158
45796 1.160
45896 1.162
45995 1.163
46095 1.165
46195 1.167
46294 1.168
46394 1.170
46493 1.172
46593 1.174
46692 1.175
46792 1.177
46891 1.178
46991 1.180
47091 1.181
47190 1.182
47290 1.184
47389 1.185
47489 1.186
47588 1.188
47688 1.189
47787 1.190
47887 1.191
47987 1.192
48086 1.194
48186 1.195
48285 1.196
48385 1.197
48484 1.198
48584 1.199
48683 1.200
48783 1.201
48883 1.202
48982 1.203
49082 1.204
49181 1.205
49281 1.205
49380 1.207
49480 1.207
49579 1.209
49679 1.209
49779 1.210
49878 1.210
49978 1.212
50077 1.212
50177 1.213
50276 1.214
50376 1.214
50475 1.215
50575 1.215
50674 1.217
50774 1.217
50874 1.217
50973 1.219
51073 1.219
51172 1.219
51272 1.220
51371 1.220
51471 1.220
51570 1.222
51670 1.222
51770 1.223
51869 1.224
51969 1.224
52068 1.224
52168 1.225
52267 1.225
52367 1.225
52466 1.226
52566 1.227
52666 1.227
52765 1.227
52865 1.228
52964 1.229
53064 1.229
53163 1.230
53263 1.230
53362 1.230
53462 1.230
53562 1.231
53661 1.232
53761 1.232
53860 1.232
53960 1.233
54059 1.233
54159 1.233
54258 1.234
54358 1.234
54458 1.235
54557 1.235
54657 1.235
54756 1.235
54856 1.235
54955 1.237
55055 1.237
55154 1.237
55254 1.237
55353 1.237
55453 1.237
55553 1.238
55652 1.238
55752 1.238
55851 1.239
55951 1.240
56050 1.240
56150 1.240
56249 1.240
56349 1.240
56449 1.241
56548 1.242
56648 1.242
56747 1.242
56847 1.242
56946 1.242
57046 1.242
57145 1.243
57245 1.243
57344 1.243
57444 1.243
57544 1.243
57643 1.244
57743 1.245
57842 1.245
57942 1.245
58041 1.245
58141 1.245
58240 1.245
58340 1.245
58440 1.246
58539 1.247
58639 1.247
58640 1.247
58641 1.247
58642 1.247
58643 1.247
58644 1.247
58645 1.247
58647 1.247
58648 1.247
58649 1.247
58650 1.247
58651 1.247
58652 1.247
58653 1.247
58654 1.247
58656 1.247
58657 1.247
58658 1.247
58659 1.247
58660 1.247
58661 1.247
58662 1.247
58664 1.247
58665 1.247
58666 1.247
58667 1.247
58668 1.247
58669 1.247
58670 1.247
58671 1.247
58673 1.247
58674 1.247
58675 1.247
58676 1.247
58677 1.247
58678 1.247
58679 1.247
58680 1.247
58682 1.247
58683 1.247
58684 1.247
58685 1.247
58686 1.247
58687 1.247
58688 1.247
58690 1.247
58691 1.247
58692 1.247
58693 1.247
58694 1.247
58695 1.247
58696 1.247
58697 1.247
58699 1.247
58700 1.247
58701 1.247
58702 1.247
58703 1.247
58704 1.247
58705 1.247
58706 1.247
58708 1.247
58709 1.247
58710 1.247
58711 1.247
58712 1.247
58713 1.247
58714 1.247
58716 1.247
58717 1.247
58718 1.247
58719 1.247
58720 1.247
58721 1.247
58722 1.247
58723 1.247
58725 1.247
58726 1.247
58727 1.247
58728 1.247
58729 1.247
58730 1.247
58731 1.247
58732 1.247
58734 1.247
58735 1.247
58736 1.247
58737 1.247
58738 1.247
58739 1.247
58740 1.247
58742 1.247
58743 1.247
58744 1.247
58745 1.247
58746 1.247
58747 1.247
58748 1.247
58749 1.247
58751 1.247
58752 1.247
58753 1.247
58754 1.247
58755 1.247
58756 1.247
58757 1.247
58758 1.247
58760 1.247
58761 1.247
58762 1.247
58763 1.247
58764 1.247
58765 1.247
58766 1.247
58768 1.247
58769 1.247
58770 1.247
58771 1.247
58772 1.247
58773 1.247
58774 1.247
58775 1.247
58777 1.247
58778 1.247
58779 1.247
58780 1.247
58781 1.247
58782 1.247
58783 1.247
58784 1.247
58786 1.247
58787 1.247
58788 1.247
58789 1.247
58790 1.247
58791 1.247
58792 1.247
58794 1.247
58795 1.247
58796 1.247
58797 1.247
58798 1.247
58799 1.247
58800 1.247
58801 1.247
58803 1.247
58804 1.247
58805 1.247
58806 1.247
58807 1.247
58808 1.247
58809 1.247
58810 1.247
58812 1.247
58813 1.247
58814 1.247
58815 1.247
58816 1.247
58817 1.247
58818 1.247
58820 1.247
58821 1.247
58822 1.247
58823 1.247
58824 1.247
58825 1.247
58826 1.247
58827 1.247
58829 1.247
58830 1.247
58831 1.247
58832 1.247
58833 1.247
58834 1.247
58835 1.247
58836 1.247
58838 1.247
58839 1.247
58840 1.247
58841 1.247
58842 1.247
58843 1.247
58844 1.247
58846 1.247
58847 1.247
58848 1.247
58849 1.247
58850 1.247
58851 1.247
58852 1.247
58853 1.247
58855 1.247
58856 1.247
58857 1.247
58858 1.247
58859 1.247
58860 1.247
58861 1.247
58862 1.247
58864 1.247
58865 1.247
58866 1.247
58867 1.247
58868 1.247
58869 1.247
58871 1.247
58872 1.247
58873 1.247
58874 1.247
58875 1.247
58876 1.247
58877 1.247
58878 1.247
58880 1.247
58881 1.247
58882 1.247
58883 1.247
58884 1.247
58885 1.247
58886 1.247
58888 1.247
58889 1.247
58890 1.247
58891 1.247
58892 1.247
58893 1.247
58894 1.247
58895 1.247
58897 1.247
58898 1.247
58899 1.247
58900 1.247
58901 1.247
58902 1.247
58903 1.247
58904 1.247
58906 1.247
58907 1.247
58908 1.247
58909 1.247
58910 1.247
58911 1.247
58912 1.247
58914 1.247
58915 1.247
58916 1.247
58917 1.247
58918 1.247
58919 1.247
58920 1.247
58921 1.247
58923 1.247
58924 1.247
58925 1.247
58926 1.247
58927 1.247
58928 1.247
58929 1.247
58930 1.247
58932 1.247
58933 1.247
58934 1.247
58935 1.247
58936 1.247
58937 1.247
58938 1.247
58940 1.247
58941 1.247
58942 1.247
58943 1.247
58944 1.247
58945 1.247
58946 1.247
58947 1.247
58949 1.247
58950 1.247
58951 1.247
58952 1.247
58953 1.247
58954 1.247
58955 1.247
58956 1.247
58958 1.247
58959 1.247
58960 1.247
58961 1.247
58962 1.247
58963 1.247
58964 1.247
58966 1.247
58967 1.247
58968 1.247
58969 1.247
58970 1.247
58971 1.247
58972 1.247
58973 1.247
58975 1.247
58976 1.247
58977 1.247
58978 1.247
58979 1.247
58980 1.247
58981 1.247
58982 1.247
58984 1.247
58985 1.247
58986 1.247
58987 1.247
58988 1.247
58989 1.247
58990 1.247
58992 1.247
58993 1.247
58994 1.247
58995 1.247
58996 1.247
58997 1.247
58998 1.247
58999 1.247
59001 1.248
59002 1.247
59003 1.247
59004 1.247
59005 1.247
59006 1.247
59007 1.247
59008 1.247
59010 1.247
59011 1.247
59012 1.247
59013 1.247
59014 1.247
59015 1.247
59016 1.247
59018 1.247
59019 1.247
59020 1.247
59021 1.247
59022 1.247
59023 1.247
59024 1.247
59025 1.248
59027 1.247
59028 1.247
59029 1.247
59030 1.247
59031 1.247
59032 1.247
59033 1.247
59034 1.247
59036 1.247
59037 1.247
59038 1.247
59039 1.247
59040 1.247
59041 1.248
59042 1.248
59044 1.247
59045 1.248
59046 1.247
59047 1.247
59048 1.247
59049 1.247
59050 1.248
59051 1.247
59053 1.247
59054 1.247
59055 1.247
59056 1.248
59057 1.248
59058 1.247
59059 1.248
59060 1.247
59062 1.247
59063 1.247
59064 1.248
59065 1.247
59066 1.247
59067 1.247
59068 1.248
59070 1.247
59071 1.248
59072 1.247
59073 1.247
59074 1.248
59075 1.247
59076 1.247
59077 1.247
59079 1.248
59080 1.248
59081 1.248
59082 1.247
59083 1.247
59084 1.248
59085 1.247
59086 1.247
59088 1.248
59089 1.248
59090 1.248
59091 1.248
59092 1.248
59093 1.248
59094 1.247
59096 1.248
59097 1.247
59098 1.248
59099 1.248
59100 1.248
59101 1.248
59102 1.247
59103 1.248
59105 1.247
59106 1.248
59107 1.248
59108 1.247
59109 1.248
59110 1.247
59111 1.248
59112 1.247
59114 1.248
59115 1.248
59116 1.248
59117 1.248
59118 1.248
59119 1.248
59120 1.248
59122 1.248
59123 1.248
59124 1.248
59125 1.248
59126 1.247
59127 1.247
59128 1.248
59129 1.247
59131 1.247
59132 1.248
59133 1.248
59134 1.248
59135 1.247
59136 1.247
59137 1.248
59138 1.248
59140 1.247
59141 1.248
59142 1.248
59143 1.247
59144 1.248
59145 1.248
59146 1.247
59148 1.247
59149 1.247
59150 1.248
59151 1.248
59152 1.248
59153 1.248
59154 1.247
59155 1.248
59157 1.248
59158 1.247
59159 1.248
59160 1.247
59161 1.247
59162 1.248
59163 1.248
59164 1.247
59166 1.247
59167 1.247
59168 1.248
59169 1.247
59170 1.248
59171 1.247
59172 1.248
59174 1.248
59175 1.248
59176 1.248
59177 1.248
59178 1.247
59179 1.248
59180 1.247
59181 1.247
59183 1.247
59184 1.248
59185 1.247
59186 1.247
59187 1.248
59188 1.248
59189 1.248
59190 1.248
59192 1.248
59193 1.248
59194 1.248
59195 1.248
59196 1.247
59197 1.248
59198 1.248
59200 1.248
59201 1.248
59202 1.248
59203 1.248
59204 1.248
59205 1.248
59206 1.248
59207 1.248
59209 1.248
59210 1.248
59211 1.248
59212 1.248
59213 1.248
59214 1.247
59215 1.248
59216 1.248
59218 1.248
59219 1.248
59220 1.248
59221 1.248
59222 1.248
59223 1.248
59224 1.248
59226 1.248
59227 1.248
59228 1.248
59229 1.248
59230 1.248
59231 1.247
59232 1.248
59233 1.248
59235 1.248
59236 1.248
59237 1.247
59238 1.248
59239 1.248
59240 1.248
59241 1.248
59242 1.248
59244 1.248
59245 1.248
59246 1.248
59247 1.248
59248 1.248
59249 1.248
59250 1.248
59252 1.248
59253 1.248
59254 1.248
59255 1.248
59256 1.248
59257 1.248
59258 1.248
59259 1.248
59261 1.248
59262 1.248
59263 1.248
59264 1.248
59265 1.248
59266 1.248
59267 1.248
59268 1.248
59270 1.248
59271 1.248
59272 1.248
59273 1.248
59274 1.248
59275 1.248
59276 1.248
59278 1.248
59279 1.248
59280 1.248
59281 1.248
59282 1.248
59283 1.248
59284 1.248
59285 1.248
59287 1.248
59288 1.248
59289 1.248
59290 1.248
59291 1.248
59292 1.248
59293 1.248
59294 1.248
59296 1.248
59297 1.248
59298 1.248
59299 1.248
59300 1.248
59301 1.248
59302 1.248
59304 1.248
59305 1.248
59306 1.248
59307 1.248
59308 1.248
59309 1.248
59310 1.248
59311 1.248
59313 1.248
59314 1.248
59315 1.248
59316 1.248
59317 1.248
59318 1.248
59319 1.248
59321 1.248
59322 1.248
59323 1.248
59324 1.248
59325 1.248
59326 1.248
59327 1.248
59328 1.248
59330 1.248
59331 1.248
59332 1.248
59333 1.248
59334 1.248
59335 1.248
59336 1.248
59337 1.248
59339 1.248
59340 1.248
59341 1.248
59342 1.248
59343 1.248
59344 1.248
59345 1.248
59347 1.248
59348 1.248
59349 1.248
59350 1.248
59351 1.248
59352 1.248
59353 1.248
59354 1.248
59356 1.248
59357 1.248
59358 1.248
59359 1.248
59360 1.248
59361 1.248
59362 1.248
59363 1.248
59365 1.248
59366 1.248
59367 1.248
59368 1.248
59369 1.248
59370 1.248
59371 1.248
59373 1.248
59374 1.248
59375 1.248
59376 1.248
59377 1.248
59378 1.248
59379 1.248
59380 1.248
59382 1.248
59383 1.248
59384 1.248
59385 1.248
59386 1.248
59387 1.248
59388 1.248
59389 1.248
59391 1.248
59392 1.248
59393 1.248
59394 1.248
59395 1.248
59396 1.248
59397 1.248
59399 1.248
59400 1.248
59401 1.248
59402 1.248
59403 1.248
59404 1.248
59405 1.248
59406 1.248
59408 1.248
59409 1.248
59410 1.248
59411 1.248
59412 1.248
59413 1.248
59414 1.248
59416 1.248
59417 1.248
59418 1.248
59419 1.248
59420 1.248
59421 1.248
59422 1.248
59424 1.248
59425 1.248
59426 1.248
59427 1.248
59428 1.248
59429 1.248
59430 1.248
59431 1.248
59433 1.248
59434 1.248
59435 1.248
59436 1.248
59437 1.248
59438 1.248
59439 1.248
59440 1.248
59442 1.248
59443 1.248
59444 1.248
59445 1.248
59446 1.248
59447 1.248
59448 1.248
59450 1.248
59451 1.248
59452 1.248
59453 1.248
59454 1.248
59455 1.248
59456 1.248
59457 1.248
59459 1.248
59460 1.248
59461 1.248
59462 1.248
59463 1.248
59464 1.248
59465 1.248
59466 1.248
59468 1.248
59469 1.248
59470 1.248
59471 1.248
59472 1.248
59473 1.248
59474 1.248
59476 1.248
59477 1.248
59478 1.248
59479 1.248
59480 1.248
59481 1.248
59482 1.248
59483 1.248
59485 1.248
59486 1.248
59487 1.248
59488 1.248
59489 1.248
59490 1.248
59491 1.248
59492 1.248
59494 1.248
59495 1.248
59496 1.248
59497 1.248
59498 1.248
59499 1.248
59500 1.248
59502 1.248
59503 1.248
59504 1.248
59505 1.248
59506 1.248
59507 1.248
59508 1.248
59509 1.248
59511 1.248
59512 1.248
59513 1.248
59514 1.248
59515 1.248
59516 1.248
59517 1.248
59518 1.248
59520 1.248
59521 1.248
59522 1.248
59523 1.248
59524 1.248
59525 1.248
59526 1.248
59528 1.248
59529 1.248
59530 1.248
59531 1.248
59532 1.248
59533 1.248
59534 1.248
59535 1.248
59537 1.248
59538 1.248
59539 1.248
59540 1.248
59541 1.248
59542 1.248
59543 1.248
59544 1.248
59546 1.248
59547 1.248
59548 1.248
59549 1.248
59550 1.248
59551 1.248
59552 1.248
59554 1.248
59555 1.248
59556 1.248
59557 1.248
59558 1.248
59559 1.248
59560 1.248
59561 1.248
59563 1.248
59564 1.248
59565 1.248
59566 1.248
59567 1.248
59568 1.248
59569 1.248
59571 1.248
59572 1.248
59573 1.248
59574 1.248
59575 1.248
59576 1.248
59577 1.248
59578 1.248
59580 1.248
59581 1.248
59582 1.248
59583 1.248
59584 1.248
59585 1.248
59586 1.248
59587 1.248
59589 1.248
59590 1.248
59591 1.248
59592 1.248
59593 1.248
59594 1.248
59595 1.248
59597 1.248
59598 1.248
59599 1.248
59600 1.248
59601 1.248
59602 1.248
59603 1.248
59604 1.248
59606 1.248
59607 1.248
59608 1.248
59609 1.248
59610 1.248
59611 1.248
59612 1.248
59613 1.248
59615 1.248
59616 1.248
59617 1.248
59618 1.248
59619 1.248
59620 1.248
59621 1.248
59623 1.248
59624 1.248
59625 1.248
59626 1.248
59627 1.248
59628 1.248
59629 1.248
59630 1.248
59632 1.248
59633 1.248
59634 1.248
59635 1.248
59636 1.248
59637 1.248
59638 1.248
59639 1.248
59641 1.248
59642 1.248
59643 1.248
59644 1.248
59645 1.248
59646 1.248
59647 1.248
59649 1.248
59650 1.248
59651 1.248
59652 1.248
59653 1.248
59654 1.248
59655 1.248
59656 1.248
59658 1.248
59659 1.248
59660 1.248
59661 1.249
59662 1.248
59663 1.248
59664 1.248
59665 1.248
59667 1.248
59668 1.248
59669 1.248
59670 1.248
59671 1.248
59672 1.248
59673 1.248
59675 1.248
59676 1.248
59677 1.248
59678 1.248
59679 1.248
59680 1.248
59681 1.248
59682 1.248
59684 1.248
59685 1.248
59686 1.248
59687 1.248
59688 1.248
59689 1.248
59690 1.248
59691 1.248
59693 1.248
59694 1.248
59695 1.248
59696 1.248
59697 1.248
59698 1.248
59699 1.248
59701 1.248
59702 1.248
59703 1.248
59704 1.248
59705 1.248
59706 1.248
59707 1.248
59708 1.248
59710 1.248
59711 1.248
59712 1.248
59713 1.248
59714 1.248
59715 1.248
59716 1.248
59717 1.248
59719 1.248
59720 1.248
59721 1.248
59722 1.248
59723 1.248
59724 1.248
59725 1.248
59727 1.248
59728 1.248
59729 1.248
59730 1.248
59731 1.248
59732 1.249
59733 1.248
59734 1.248
59736 1.248
59737 1.248
59738 1.248
59739 1.248
59740 1.248
59741 1.248
59742 1.248
59743 1.248
59745 1.248
59746 1.248
59747 1.248
59748 1.248
59749 1.248
59750 1.248
59751 1.248
59753 1.248
59754 1.248
59755 1.248
59756 1.248
59757 1.248
59758 1.248
59759 1.248
59760 1.248
59762 1.248
59763 1.248
59764 1.248
59765 1.248
59766 1.248
59767 1.248
59768 1.248
59769 1.248
59771 1.248
59772 1.248
59773 1.248
59774 1.248
59775 1.248
59776 1.248
59777 1.248
59779 1.248
59780 1.248
59781 1.248
59782 1.248
59783 1.248
59784 1.248
59785 1.248
59786 1.248
59788 1.248
59789 1.248
59790 1.248
59791 1.248
59792 1.248
59793 1.248
59794 1.248
59795 1.248
59797 1.248
59798 1.248
59799 1.248
59800 1.248
59801 1.248
59802 1.248
59803 1.248
59805 1.248
59806 1.248
59807 1.249
59808 1.248
59809 1.248
59810 1.249
59811 1.248
59812 1.249
59814 1.249
59815 1.248
59816 1.248
59817 1.248
59818 1.248
59819 1.248
59820 1.248
59821 1.248
59823 1.248
59824 1.248
59825 1.248
59826 1.248
59827 1.248
59828 1.248
59829 1.248
59831 1.248
59832 1.249
59833 1.248
59834 1.248
59835 1.248
59836 1.248
59837 1.248
59838 1.248
59840 1.248
59841 1.248
59842 1.248
59843 1.248
59844 1.248
59845 1.248
59846 1.248
59847 1.248
59849 1.248
59850 1.248
59851 1.248
59852 1.248
59853 1.248
59854 1.248
59855 1.248
59857 1.248
59858 1.248
59859 1.248
59860 1.248
59861 1.249
59862 1.248
59863 1.248
59864 1.248
59866 1.248
59867 1.248
59868 1.248
59869 1.248
59870 1.248
59871 1.248
59872 1.248
59873 1.248
59875 1.248
59876 1.249
59877 1.248
59878 1.249
59879 1.248
59880 1.248
59881 1.248
59883 1.248
59884 1.248
59885 1.248
59886 1.248
59887 1.248
59888 1.248
59889 1.249
59890 1.248
59892 1.249
59893 1.248
59894 1.248
59895 1.248
59896 1.248
59897 1.248
59898 1.248
59899 1.248
59901 1.248
59902 1.248
59903 1.248
59904 1.248
59905 1.248
59906 1.249
59907 1.248
59909 1.248
59910 1.248
59911 1.248
59912 1.249
59913 1.248
59914 1.248
59915 1.248
59916 1.248
59918 1.248
59919 1.248
59920 1.248
59921 1.248
59922 1.248
59923 1.248
59924 1.248
59925 1.248
59927 1.248
59928 1.248
59929 1.248
59930 1.248
59931 1.248
59932 1.248
59933 1.248
59935 1.248
59936 1.248
59937 1.248
59938 1.248
59939 1.248
59940 1.248
59941 1.248
59942 1.248
59944 1.248
59945 1.248
59946 1.248
59947 1.248
59948 1.248
59949 1.248
59950 1.248
59952 1.248
59953 1.248
59954 1.248
59955 1.248
59956 1.248
59957 1.248
59958 1.248
59960 1.249
59961 1.248
59962 1.248
59963 1.248
59964 1.248
59965 1.248
59966 1.248
59967 1.248
59969 1.248
59970 1.248
59971 1.248
59972 1.248
59973 1.248
59974 1.248
59975 1.248
59977 1.248
59978 1.248
59979 1.248
59980 1.248
59981 1.248
59982 1.248
59983 1.248
59984 1.248
59986 1.248
59987 1.248
59988 1.248
59989 1.248
59990 1.248
59991 1.248
59992 1.248
59993 1.248
59995 1.248
59996 1.248
59997 1.248
59998 1.248
59999 1.248
60000 1.248
60001 1.248
60003 1.248
60004 1.248
60005 1.248
60006 1.248
60007 1.248
60008 1.248
60009 1.248
60010 1.248
60012 1.248
60013 1.249
60014 1.248
60015 1.248
60016 1.248
60017 1.248
60018 1.248
60019 1.248
60021 1.248
60022 1.248
60023 1.248
60024 1.248
60025 1.248
60026 1.248
60027 1.249
60029 1.248
60030 1.248
60031 1.248
60032 1.248
60033 1.248
60034 1.248
60035 1.248
60036 1.248
60038 1.248
60039 1.248
60040 1.248
60041 1.248
60042 1.248
60043 1.248
60044 1.248
60045 1.248
60047 1.248
60048 1.248
60049 1.248
60050 1.248
60051 1.248
60052 1.249
60053 1.248
60055 1.248
60056 1.248
60057 1.248
60058 1.248
60059 1.248
60060 1.248
60061 1.248
60062 1.249
60064 1.248
60065 1.249
60066 1.248
60067 1.248
60068 1.248
60069 1.248
60070 1.248
60071 1.248
60073 1.249
60074 1.249
60075 1.249
60076 1.249
60077 1.249
60078 1.248
60079 1.249
60081 1.249
60082 1.248
60083 1.248
60084 1.249
60085 1.249
60086 1.249
60087 1.248
60088 1.249
60090 1.248
60091 1.248
60092 1.250
60093 1.248
60094 1.249
60095 1.250
60096 1.250
60097 1.250
60099 1.248
60100 1.249
60101 1.249
60102 1.249
60103 1.249
60104 1.250
60105 1.250
60107 1.250
60108 1.249
60109 1.249
60110 1.250
60111 1.249
60112 1.250
60113 1.249
60114 1.250
60116 1.249
60117 1.250
60118 1.250
60119 1.249
60120 1.250
60121 1.250
60122 1.250
60124 1.250
60125 1.250
60126 1.250
60127 1.250
60128 1.250
60129 1.250
60130 1.250
60131 1.250
60133 1.250
60134 1.250
60135 1.250
60136 1.250
60137 1.250
60138 1.250
60139 1.250
60140 1.250
60142 1.250
60143 1.250
60144 1.250
60145 1.250
60146 1.250
60147 1.250
60148 1.249
60150 1.250
60151 1.250
60152 1.250
60153 1.250
60154 1.250
60155 1.250
60156 1.250
60157 1.250
60159 1.250
60160 1.250
60161 1.250
60162 1.250
60163 1.250
60164 1.250
60165 1.250
60166 1.250
60168 1.250
60169 1.250
60170 1.250
60171 1.250
60172 1.250
60173 1.250
60174 1.250
60176 1.250
60177 1.250
60178 1.250
60179 1.250
60180 1.250
60181 1.250
60182 1.250
60183 1.250
60185 1.250
60186 1.250
60187 1.250
60188 1.250
60189 1.250
60190 1.250
60191 1.250
60192 1.250
60194 1.250
60195 1.250
60196 1.250
60197 1.250
60198 1.250
60199 1.250
60200 1.250
60202 1.250
60203 1.250
60204 1.250
60205 1.250
60206 1.250
60207 1.250
60208 1.250
60209 1.250
60211 1.250
60212 1.250
60213 1.250
60214 1.250
60215 1.250
60216 1.250
60217 1.250
60218 1.250
60220 1.250
60221 1.250
60222 1.250
60223 1.250
60224 1.250
60225 1.250
60226 1.250
60228 1.250
60229 1.250
60230 1.250
60231 1.250
60232 1.250
60233 1.250
60234 1.250
60235 1.250
60237 1.250
60238 1.250
60239 1.250
60240 1.250
60241 1.250
60242 1.250
60243 1.250
60244 1.250
60246 1.250
60247 1.250
60248 1.250
60249 1.250
60250 1.250
60251 1.250
60252 1.250
60254 1.250
60255 1.250
60256 1.249
60257 1.250
60258 1.250
60259 1.250
60260 1.250
60261 1.250
60263 1.250
60264 1.250
60265 1.250
60266 1.250
60267 1.250
60268 1.250
60269 1.250
60270 1.250
60272 1.250
60273 1.250
60274 1.250
60275 1.250
60276 1.250
60277 1.250
60278 1.250
60280 1.250
60281 1.250
60282 1.250
60283 1.250
60284 1.250
60285 1.250
60286 1.250
60287 1.250
60289 1.250
60290 1.250
60291 1.250
60292 1.250
60293 1.250
60294 1.250
60295 1.250
60296 1.250
60298 1.250
60299 1.250
60300 1.250
60301 1.250
60302 1.250
60303 1.250
60304 1.250
60306 1.250
60307 1.250
60308 1.250
60309 1.250
60310 1.250
60311 1.250
60312 1.250
60313 1.250
60315 1.250
60316 1.250
60317 1.250
60318 1.250
60319 1.250
60320 1.250
60321 1.250
60322 1.250
60324 1.250
60325 1.250
60326 1.250
60327 1.250
60328 1.250
60329 1.250
60330 1.250
60332 1.250
60333 1.250
60334 1.250
60335 1.250
60336 1.250
60337 1.250
60338 1.250
60339 1.250
60341 1.250
60342 1.250
60343 1.250
60344 1.250
60345 1.250
60346 1.250
60347 1.250
60348 1.250
60350 1.250
60351 1.250
60352 1.250
60353 1.250
60354 1.250
60355 1.250
60356 1.250
60358 1.250
60359 1.250
60360 1.250
60361 1.250
60362 1.250
60363 1.250
60364 1.250
60365 1.250
60367 1.250
60368 1.250
60369 1.250
60370 1.250
60371 1.250
60372 1.250
60373 1.250
60374 1.250
60376 1.250
60377 1.250
60378 1.250
60379 1.250
60380 1.250
60381 1.250
60382 1.250
60384 1.250
60385 1.250
60386 1.250
60387 1.250
60388 1.250
60389 1.250
60390 1.250
60391 1.250
60393 1.250
60394 1.250
60395 1.250
60396 1.250
60397 1.250
60398 1.250
60399 1.250
60400 1.250
60402 1.250
60403 1.250
60404 1.250
60405 1.250
60406 1.250
60407 1.250
60408 1.250
60410 1.250
60411 1.250
60412 1.250
60413 1.250
60414 1.250
60415 1.250
60416 1.250
60417 1.250
60419 1.250
60420 1.250
60421 1.250
60422 1.250
60423 1.250
60424 1.250
60425 1.250
60426 1.250
60428 1.250
60429 1.250
60430 1.250
60431 1.250
60432 1.250
60433 1.250
60434 1.250
60436 1.250
60437 1.250
60438 1.250
60439 1.250
60440 1.250
60441 1.250
60442 1.250
60443 1.250
60445 1.250
60446 1.250
60447 1.250
60448 1.250
60449 1.250
60450 1.250
60451 1.250
60452 1.250
60454 1.250
60455 1.250
60456 1.250
60457 1.250
60458 1.250
60459 1.250
60460 1.250
60462 1.250
60463 1.250
60464 1.250
60465 1.250
60466 1.250
60467 1.250
60468 1.250
60469 1.250
60471 1.250
60472 1.250
60473 1.250
60474 1.250
60475 1.250
60476 1.250
60477 1.250
60478 1.250
60480 1.250
60481 1.250
60482 1.250
60483 1.250
60484 1.250
60485 1.250
60486 1.250
60488 1.250
60489 1.250
60490 1.250
60491 1.250
60492 1.250
60493 1.250
60494 1.250
60495 1.250
60497 1.250
60498 1.250
60499 1.250
60500 1.250
60501 1.250
60502 1.250
60503 1.250
60504 1.250
60506 1.250
60507 1.250
60508 1.250
60509 1.250
60510 1.250
60511 1.250
60513 1.250
60514 1.250
60515 1.250
60516 1.250
60517 1.250
60518 1.250
60519 1.250
60520 1.250
60522 1.250
60523 1.250
60524 1.250
60525 1.250
60526 1.250
60527 1.250
60528 1.250
60530 1.250
60531 1.250
60532 1.250
60533 1.250
60534 1.250
60535 1.250
60536 1.250
60537 1.250
60539 1.250
60540 1.250
60541 1.250
60542 1.250
60543 1.250
60544 1.250
60545 1.250
60546 1.250
60548 1.250
60549 1.250
60550 1.250
60551 1.250
60552 1.250
60553 1.250
60554 1.250
60556 1.250
60557 1.250
60558 1.250
60559 1.250
60560 1.250
60561 1.250
60562 1.250
60563 1.250
60565 1.250
60566 1.250
60567 1.250
60568 1.250
60569 1.250
60570 1.250
60571 1.250
60572 1.250
60574 1.250
60575 1.250
60576 1.250
60577 1.250
60578 1.250
60579 1.250
60580 1.250
60582 1.250
60583 1.250
60584 1.250
60585 1.250
60586 1.250
60587 1.250
60588 1.250
60589 1.250
60591 1.250
60592 1.250
60593 1.250
60594 1.250
60595 1.250
60596 1.250
60597 1.250
60598 1.250
60600 1.250
60601 1.250
60602 1.250
60603 1.250
60604 1.250
60605 1.250
60606 1.250
60608 1.250
60609 1.250
60610 1.250
60611 1.250
60612 1.250
60613 1.251
60614 1.250
60615 1.250
60617 1.250
60618 1.250
60619 1.250
60620 1.250
60621 1.250
60622 1.250
60623 1.250
60624 1.250
60626 1.250
60627 1.250
60628 1.250
60629 1.250
60630 1.250
60631 1.250
60632 1.250
60634 1.250
60635 1.250
60636 1.250
60637 1.250
60638 1.250
60639 1.250
60640 1.250
60641 1.250
60643 1.250
60644 1.250
60645 1.250
60646 1.250
60647 1.250
60648 1.250
60649 1.250
60651 1.250
60652 1.250
60653 1.250
60654 1.250
60655 1.250
60656 1.250
60657 1.250
60658 1.250
60660 1.250
60661 1.250
60662 1.250
60663 1.250
60664 1.250
60665 1.250
60666 1.250
60667 1.250
60669 1.250
60670 1.250
60671 1.250
60672 1.251
60673 1.250
60674 1.250
60675 1.250
60677 1.250
60678 1.250
60679 1.250
60680 1.250
60681 1.250
60682 1.250
60683 1.250
60684 1.250
60686 1.250
60687 1.250
60688 1.250
60689 1.250
60690 1.250
60691 1.250
60692 1.250
60693 1.250
60695 1.250
60696 1.250
60697 1.250
60698 1.250
60699 1.250
60700 1.250
60701 1.250
60703 1.250
60704 1.250
60705 1.250
60706 1.250
60707 1.250
60708 1.250
60709 1.250
60710 1.250
60712 1.250
60713 1.250
60714 1.251
60715 1.250
60716 1.250
60717 1.250
60718 1.250
60719 1.250
60721 1.250
60722 1.250
60723 1.250
60724 1.250
60725 1.250
60726 1.250
60727 1.250
60729 1.250
60730 1.250
60731 1.250
60732 1.250
60733 1.250
60734 1.250
60735 1.250
60736 1.250
60738 1.250
60739 1.250
60740 1.250
60741 1.250
60742 1.250
60743 1.250
60744 1.250
60745 1.250
60747 1.250
60748 1.250
60749 1.250
60750 1.250
60751 1.251
60752 1.250
60753 1.250
60755 1.250
60756 1.250
60757 1.250
60758 1.250
60759 1.250
60760 1.250
60761 1.250
60762 1.250
60764 1.250
60765 1.250
60766 1.250
60767 1.250
60768 1.250
60769 1.250
60770 1.250
60771 1.250
60773 1.250
60774 1.250
60775 1.250
60776 1.250
60777 1.250
60778 1.250
60779 1.250
60781 1.250
60782 1.250
60783 1.250
60784 1.250
60785 1.251
60786 1.250
60787 1.250
60788 1.250
60790 1.250
60791 1.250
60792 1.250
60793 1.250
60794 1.250
60795 1.250
60796 1.250
60797 1.250
60799 1.250
60800 1.250
60801 1.250
60802 1.251
60803 1.250
60804 1.250
60805 1.250
60807 1.250
60808 1.250
60809 1.250
60810 1.250
60811 1.250
60812 1.250
60813 1.250
60814 1.250
60816 1.250
60817 1.250
60818 1.250
60819 1.250
60820 1.250
60821 1.250
60822 1.250
60823 1.250
60825 1.250
60826 1.250
60827 1.250
60828 1.250
60829 1.250
60830 1.250
60831 1.250
60833 1.250
60834 1.250
60835 1.250
60836 1.250
60837 1.250
60838 1.250
60839 1.250
60840 1.250
60842 1.250
60843 1.250
60844 1.250
60845 1.250
60846 1.250
60847 1.250
60848 1.250
60849 1.250
60851 1.250
60852 1.250
60853 1.250
60854 1.250
60855 1.250
60856 1.250
60857 1.251
60859 1.250
60860 1.250
60861 1.250
60862 1.250
60863 1.250
60864 1.250
60865 1.250
60866 1.250
60868 1.250
60869 1.250
60870 1.250
60871 1.250
60872 1.250
60873 1.250
60874 1.250
60875 1.250
60877 1.250
60878 1.250
60879 1.250
60880 1.250
60881 1.250
60882 1.250
60883 1.250
60885 1.250
60886 1.250
60887 1.250
60888 1.251
60889 1.250
60890 1.250
60891 1.250
60892 1.250
60894 1.250
60895 1.250
60896 1.251
60897 1.250
60898 1.251
60899 1.251
60900 1.250
60901 1.251
60903 1.250
60904 1.251
60905 1.250
60906 1.251
60907 1.250
60908 1.250
60909 1.250
60911 1.251
60912 1.250
60913 1.251
60914 1.251
60915 1.251
60916 1.251
60917 1.251
60918 1.250
60920 1.251
60921 1.250
60922 1.250
60923 1.252
60924 1.251
60925 1.250
60926 1.250
60927 1.251
60929 1.251
60930 1.251
60931 1.252
60932 1.252
60933 1.251
60934 1.250
60935 1.252
60937 1.251
60938 1.252
60939 1.252
60940 1.252
60941 1.252
60942 1.251
60943 1.252
60944 1.252
60946 1.251
60947 1.251
60948 1.252
60949 1.251
60950 1.252
60951 1.252
60952 1.252
60953 1.252
60955 1.252
60956 1.251
60957 1.252
60958 1.251
60959 1.252
60960 1.251
60961 1.252
60963 1.252
60964 1.252
60965 1.252
60966 1.252
60967 1.252
60968 1.252
60969 1.252
60970 1.252
60972 1.252
60973 1.252
60974 1.252
60975 1.252
60976 1.252
60977 1.252
60978 1.251
60979 1.251
60981 1.252
60982 1.252
60983 1.252
60984 1.252
60985 1.252
60986 1.252
60987 1.252
60989 1.252
60990 1.252
60991 1.252
60992 1.252
60993 1.252
60994 1.252
60995 1.252
60996 1.252
60998 1.252
60999 1.252
61000 1.252
61001 1.252
61002 1.252
61003 1.252
61004 1.252
61005 1.252
61007 1.252
61008 1.252
61009 1.252
61010 1.252
61011 1.252
61012 1.252
61013 1.252
61015 1.252
61016 1.252
61017 1.252
61018 1.252
61019 1.252
61020 1.252
61021 1.252
61022 1.252
61024 1.252
61025 1.251
61026 1.252
61027 1.252
61028 1.252
61029 1.252
61030 1.252
61032 1.252
61033 1.252
61034 1.252
61035 1.252
61036 1.252
61037 1.252
61038 1.252
61039 1.253
61041 1.252
61042 1.252
61043 1.252
61044 1.252
61045 1.252
61046 1.252
61047 1.251
61048 1.252
61050 1.252
61051 1.252
61052 1.252
61053 1.252
61054 1.252
61055 1.252
61057 1.252
61058 1.252
61059 1.252
61060 1.252
61061 1.252
61062 1.252
61063 1.252
61064 1.252
61066 1.252
61067 1.252
61068 1.252
61069 1.252
61070 1.252
61071 1.252
61072 1.252
61073 1.252
61075 1.252
61076 1.252
61077 1.252
61078 1.252
61079 1.252
61080 1.252
61081 1.252
61083 1.252
61084 1.252
61085 1.253
61086 1.252
61087 1.252
61088 1.252
61089 1.252
61090 1.252
61092 1.252
61093 1.252
61094 1.252
61095 1.252
61096 1.252
61097 1.252
61098 1.252
61099 1.252
61101 1.252
61102 1.252
61103 1.252
61104 1.252
61105 1.252
61106 1.252
61107 1.252
61109 1.252
61110 1.252
61111 1.252
61112 1.252
61113 1.252
61114 1.252
61115 1.252
61116 1.252
61118 1.252
61119 1.252
61120 1.252
61121 1.252
61122 1.252
61123 1.252
61124 1.252
61125 1.252
61127 1.252
61128 1.252
61129 1.252
61130 1.252
61131 1.252
61132 1.252
61133 1.252
61135 1.252
61136 1.252
61137 1.252
61138 1.252
61139 1.252
61140 1.252
61141 1.252
61142 1.252
61144 1.252
61145 1.252
61146 1.252
61147 1.252
61148 1.252
61149 1.252
61150 1.252
61151 1.252
61153 1.252
61154 1.252
61155 1.252
61156 1.252
61157 1.252
61158 1.252
61159 1.252
61161 1.252
61162 1.252
61163 1.252
61164 1.252
61165 1.252
61166 1.252
61167 1.252
61168 1.252
61170 1.252
61171 1.252
61172 1.252
61173 1.252
61174 1.252
61175 1.252
61176 1.252
61177 1.252
61179 1.252
61180 1.252
61181 1.252
61182 1.252
61183 1.252
61184 1.252
61185 1.252
61187 1.252
61188 1.252
61189 1.252
61190 1.252
61191 1.252
61192 1.252
61193 1.252
61194 1.252
61196 1.252
61197 1.252
61198 1.252
61199 1.252
61200 1.252
61201 1.252
61202 1.252
61204 1.252
61205 1.252
61206 1.252
61207 1.252
61208 1.252
61209 1.252
61210 1.252
61211 1.252
61213 1.252
61214 1.252
61215 1.252
61216 1.252
61217 1.252
61218 1.252
61219 1.252
61220 1.252
61222 1.252
61223 1.252
61224 1.252
61225 1.252
61226 1.252
61227 1.252
61228 1.252
61230 1.252
61231 1.251
61232 1.252
61233 1.252
61234 1.252
61235 1.252
61236 1.252
61237 1.252
61239 1.252
61240 1.252
61241 1.252
61242 1.252
61243 1.252
61244 1.252
61245 1.252
61246 1.252
61248 1.252
61249 1.252
61250 1.252
61251 1.252
61252 1.252
61253 1.252
61254 1.252
61256 1.252
61257 1.252
61258 1.252
61259 1.252
61260 1.252
61261 1.252
61262 1.252
61263 1.252
61265 1.252
61266 1.252
61267 1.252
61268 1.252
61269 1.252
61270 1.252
61271 1.252
61272 1.252
61274 1.252
61275 1.252
61276 1.252
61277 1.252
61278 1.252
61279 1.252
61280 1.252
61282 1.252
61283 1.252
61284 1.252
61285 1.252
61286 1.252
61287 1.252
61288 1.252
61289 1.252
61291 1.252
61292 1.252
61293 1.252
61294 1.252
61295 1.252
61296 1.252
61297 1.252
61298 1.252
61300 1.252
61301 1.252
61302 1.252
61303 1.251
61304 1.252
61305 1.252
61306 1.252
61308 1.252
61309 1.252
61310 1.252
61311 1.252
61312 1.252
61313 1.252
61314 1.252
61315 1.252
61317 1.252
61318 1.252
61319 1.252
61320 1.252
61321 1.252
61322 1.253
61323 1.252
61324 1.252
61326 1.252
61327 1.252
61328 1.252
61329 1.252
61330 1.252
61331 1.252
61332 1.252
61334 1.252
61335 1.252
61336 1.252
61337 1.252
61338 1.252
61339 1.252
61340 1.252
61341 1.252
61343 1.252
61344 1.252
61345 1.252
61346 1.252
61347 1.252
61348 1.252
61349 1.252
61350 1.252
61352 1.252
61353 1.252
61354 1.252
61355 1.252
61356 1.252
61357 1.252
61358 1.252
61360 1.252
61361 1.252
61362 1.252
61363 1.252
61364 1.252
61365 1.252
61366 1.252
61367 1.252
61369 1.252
61370 1.252
61371 1.252
61372 1.252
61373 1.252
61374 1.252
61375 1.252
61376 1.252
61378 1.252
61379 1.252
61380 1.252
61381 1.252
61382 1.252
61383 1.252
61384 1.252
61386 1.252
61387 1.252
61388 1.252
61389 1.252
61390 1.252
61391 1.252
61392 1.252
61393 1.252
61395 1.252
61396 1.252
61397 1.252
61398 1.252
61399 1.252
61400 1.252
61401 1.252
61402 1.252
61404 1.252
61405 1.252
61406 1.252
61407 1.252
61408 1.252
61409 1.252
61410 1.252
61412 1.252
61413 1.252
61414 1.252
61415 1.252
61416 1.252
61417 1.252
61418 1.252
61419 1.252
61421 1.252
61422 1.252
61423 1.252
61424 1.252
61425 1.252
61426 1.252
61427 1.252
61429 1.252
61430 1.252
61431 1.252
61432 1.252
61433 1.252
61434 1.252
61435 1.252
61436 1.252
61438 1.252
61439 1.252
61440 1.252
61441 1.252
61442 1.253
61443 1.252
61444 1.252
61445 1.252
61447 1.252
61448 1.252
61449 1.252
61450 1.252
61451 1.252
61452 1.252
61453 1.252
61454 1.252
61456 1.252
61457 1.252
61458 1.252
61459 1.252
61460 1.252
61461 1.252
61462 1.252
61464 1.252
61465 1.252
61466 1.252
61467 1.252
61468 1.252
61469 1.252
61470 1.252
61471 1.252
61473 1.252
61474 1.252
61475 1.252
61476 1.252
61477 1.252
61478 1.252
61479 1.252
61481 1.252
61482 1.252
61483 1.252
61484 1.252
61485 1.252
61486 1.252
61487 1.252
61488 1.252
61490 1.252
61491 1.252
61492 1.252
61493 1.252
61494 1.252
61495 1.252
61496 1.252
61497 1.252
61499 1.252
61500 1.252
61501 1.252
61502 1.252
61503 1.252
61504 1.252
61505 1.252
61507 1.252
61508 1.252
61509 1.252
61510 1.252
61511 1.252
61512 1.252
61513 1.252
61514 1.252
61516 1.252
61517 1.252
61518 1.252
61519 1.252
61520 1.252
61521 1.252
61522 1.252
61523 1.252
61525 1.252
61526 1.252
61527 1.252
61528 1.252
61529 1.252
61530 1.252
61531 1.252
61533 1.252
61534 1.252
61535 1.252
61536 1.252
61537 1.252
61538 1.252
61539 1.252
61540 1.252
61542 1.252
61543 1.252
61544 1.252
61545 1.252
61546 1.252
61547 1.252
61548 1.252
61549 1.252
61551 1.252
61552 1.252
61553 1.252
61554 1.252
61555 1.252
61556 1.252
61557 1.252
61559 1.252
61560 1.252
61561 1.252
61562 1.252
61563 1.252
61564 1.252
61565 1.252
61566 1.252
61568 1.252
61569 1.252
61570 1.252
61571 1.252
61572 1.252
61573 1.252
61574 1.252
61575 1.252
61577 1.252
61578 1.252
61579 1.252
61580 1.252
61581 1.252
61582 1.252
61583 1.252
61585 1.252
61586 1.252
61587 1.252
61588 1.252
61589 1.252
61590 1.252
61591 1.252
61592 1.252
61594 1.252
61595 1.252
61596 1.252
61597 1.252
61598 1.252
61599 1.252
61600 1.252
61602 1.252
61603 1.252
61604 1.252
61605 1.252
61606 1.252
61607 1.252
61608 1.252
61610 1.252
61611 1.252
61612 1.252
61613 1.252
61614 1.252
61615 1.252
61616 1.252
61617 1.252
61619 1.252
61620 1.252
61621 1.252
61622 1.252
61623 1.252
61624 1.252
61625 1.252
61626 1.252
61628 1.252
61629 1.252
61630 1.252
61631 1.252
61632 1.252
61633 1.252
61634 1.252
61636 1.252
61637 1.252
61638 1.252
61639 1.252
61640 1.252
61641 1.252
61642 1.252
61643 1.252
61645 1.252
61646 1.252
61647 1.252
61648 1.252
61649 1.252
61650 1.252
61651 1.252
61653 1.252
61654 1.253
61655 1.252
61656 1.252
61657 1.252
61658 1.252
61659 1.252
61660 1.252
61662 1.252
61663 1.252
61664 1.252
61665 1.252
61666 1.252
61667 1.252
61668 1.252
61669 1.252
61671 1.252
61672 1.252
61673 1.252
61674 1.252
61675 1.252
61676 1.252
61677 1.252
61679 1.252
61680 1.252
61681 1.252
61682 1.252
61683 1.252
61684 1.252
61685 1.252
61686 1.252
61688 1.252
61689 1.252
61690 1.252
61691 1.252
61692 1.252
61693 1.252
61694 1.252
61695 1.252
61697 1.252
61698 1.252
61699 1.252
61700 1.252
61701 1.252
61702 1.252
61703 1.252
61705 1.252
61706 1.252
61707 1.252
61708 1.252
61709 1.252
61710 1.252
61711 1.252
61712 1.252
61714 1.252
61715 1.252
61716 1.252
61717 1.252
61718 1.252
61719 1.252
61720 1.252
61721 1.252
61723 1.252
61724 1.252
61725 1.252
61726 1.252
61727 1.252
61728 1.252
61729 1.252
61731 1.252
61732 1.252
61733 1.252
61734 1.252
61735 1.252
61736 1.252
61737 1.252
61738 1.252
61740 1.252
61741 1.252
61742 1.252
61743 1.252
61744 1.252
61745 1.252
61746 1.252
61747 1.252
61749 1.252
61750 1.252
61751 1.253
61752 1.252
61753 1.252
61754 1.252
61755 1.252
61757 1.252
61758 1.252
61759 1.252
61760 1.252
61761 1.253
61762 1.252
61763 1.252
61764 1.252
61766 1.252
61767 1.252
61768 1.252
61769 1.252
61770 1.252
61771 1.252
61772 1.252
61773 1.252
61775 1.252
61776 1.252
61777 1.252
61778 1.252
61779 1.252
61780 1.252
61781 1.253
61783 1.252
61784 1.252
61785 1.252
61786 1.252
61787 1.252
61788 1.252
61789 1.252
61790 1.252
61792 1.252
61793 1.252
61794 1.252
61795 1.252
61796 1.252
61797 1.252
61798 1.252
61799 1.252
61801 1.252
61802 1.253
61803 1.252
61804 1.253
61805 1.252
61806 1.253
61807 1.253
61809 1.252
61810 1.252
61811 1.252
61812 1.253
61813 1.252
61814 1.253
61815 1.252
61816 1.253
61818 1.253
61819 1.253
61820 1.252
61821 1.253
61822 1.253
61823 1.253
61824 1.253
61826 1.253
61827 1.253
61828 1.252
61829 1.252
61830 1.252
61831 1.252
61832 1.253
61833 1.253
61835 1.253
61836 1.253
61837 1.252
61838 1.253
61839 1.253
61840 1.253
61841 1.253
61842 1.253
61844 1.253
61845 1.253
61846 1.253
61847 1.253
61848 1.252
61849 1.253
61850 1.253
61852 1.253
61853 1.253
61854 1.253
61855 1.253
61856 1.252
61857 1.253
61858 1.253
61859 1.253
61861 1.253
61862 1.252
61863 1.253
61864 1.253
61865 1.253
61866 1.253
61867 1.253
61868 1.253
61870 1.252
61871 1.253
61872 1.253
61873 1.253
61874 1.252
61875 1.252
61876 1.253
61878 1.252
61879 1.253
61880 1.253
61881 1.253
61882 1.253
61883 1.253
61884 1.253
61885 1.252
61887 1.252
61888 1.253
61889 1.253
61890 1.253
61891 1.253
61892 1.253
61893 1.252
61894 1.253
61896 1.252
61897 1.253
61898 1.252
61899 1.252
61900 1.252
61901 1.253
61902 1.253
61904 1.252
61905 1.252
61906 1.253
61907 1.253
61908 1.253
61909 1.253
61910 1.253
61911 1.253
61913 1.253
61914 1.253
61915 1.253
61916 1.253
61917 1.253
61918 1.253
61919 1.253
61920 1.253
61922 1.252
61923 1.253
61924 1.253
61925 1.253
61926 1.253
61927 1.253
61928 1.253
61930 1.253
61931 1.253
61932 1.253
61933 1.253
61934 1.253
61935 1.253
61936 1.253
61937 1.253
61939 1.253
61940 1.253
61941 1.253
61942 1.253
61943 1.253
61944 1.253
61945 1.253
61946 1.253
61948 1.253
61949 1.253
61950 1.253
61951 1.253
61952 1.253
61953 1.253
61954 1.253
61956 1.253
61957 1.253
61958 1.253
61959 1.253
61960 1.253
61961 1.253
61962 1.253
61963 1.253
61965 1.253
61966 1.253
61967 1.253
61968 1.253
61969 1.253
61970 1.253
61971 1.253
61972 1.253
61974 1.253
61975 1.253
61976 1.253
61977 1.253
61978 1.253
61979 1.253
61980 1.253
61982 1.253
61983 1.253
61984 1.253
61985 1.253
61986 1.253
61987 1.253
61988 1.253
61989 1.253
61991 1.253
61992 1.253
61993 1.253
61994 1.253
61995 1.253
61996 1.253
61997 1.253
61998 1.253
62000 1.253
62001 1.253
62002 1.253
62003 1.253
62004 1.253
62005 1.253
62006 1.253
62008 1.253
62009 1.253
62010 1.253
62011 1.253
62012 1.253
62013 1.253
62014 1.253
62015 1.253
62017 1.253
62018 1.253
62019 1.253
62020 1.253
62021 1.253
62022 1.253
62023 1.253
62024 1.253
62026 1.253
62027 1.253
62028 1.253
62029 1.253
62030 1.253
62031 1.253
62032 1.253
62034 1.253
62035 1.253
62036 1.253
62037 1.253
62038 1.253
62039 1.253
62040 1.253
62041 1.253
62043 1.253
62044 1.253
62045 1.253
62046 1.253
62047 1.253
62048 1.253
62049 1.253
62050 1.253
62052 1.253
62053 1.253
62054 1.253
62055 1.253
62056 1.253
62057 1.253
62058 1.253
62060 1.253
62061 1.253
62062 1.253
62063 1.253
62064 1.253
62065 1.253
62066 1.253
62067 1.253
62069 1.253
62070 1.253
62071 1.253
62072 1.253
62073 1.253
62074 1.253
62075 1.253
62077 1.253
62078 1.253
62079 1.253
62080 1.253
62081 1.253
62082 1.253
62083 1.253
62084 1.253
62086 1.253
62087 1.253
62088 1.253
62089 1.253
62090 1.253
62091 1.253
62092 1.253
62093 1.253
62095 1.253
62096 1.253
62097 1.253
62098 1.253
62099 1.253
62100 1.253
62101 1.253
62103 1.253
62104 1.253
62105 1.253
62106 1.253
62107 1.253
62108 1.253
62109 1.253
62110 1.253
62112 1.253
62113 1.253
62114 1.253
62115 1.253
62116 1.253
62117 1.253
62118 1.253
62119 1.253
62121 1.253
62122 1.253
62123 1.253
62124 1.253
62125 1.253
62126 1.253
62127 1.253
62129 1.253
62130 1.253
62131 1.253
62132 1.253
62133 1.253
62134 1.253
62135 1.253
62136 1.253
62138 1.253
62139 1.253
62140 1.253
62141 1.253
62142 1.253
62143 1.253
62144 1.253
62146 1.253
62147 1.253
62148 1.253
62149 1.253
62150 1.253
62151 1.253
62152 1.253
62154 1.253
62155 1.253
62156 1.253
62157 1.253
62158 1.253
62159 1.253
62160 1.253
62161 1.253
62163 1.253
62164 1.253
62165 1.253
62166 1.253
62167 1.253
62168 1.253
62169 1.253
62170 1.253
62172 1.253
62173 1.253
62174 1.253
62175 1.253
62176 1.253
62177 1.253
62178 1.253
62180 1.253
62181 1.253
62182 1.253
62183 1.253
62184 1.253
62185 1.253
62186 1.253
62187 1.253
62189 1.253
62190 1.253
62191 1.253
62192 1.253
62193 1.253
62194 1.253
62195 1.253
62196 1.253
62198 1.253
62199 1.253
62200 1.253
62201 1.253
62202 1.253
62203 1.253
62204 1.253
62206 1.253
62207 1.253
62208 1.253
62209 1.253
62210 1.253
62211 1.253
62212 1.253
62213 1.253
62215 1.253
62216 1.253
62217 1.253
62218 1.253
62219 1.253
62220 1.253
62221 1.253
62223 1.253
62224 1.253
62225 1.253
62226 1.253
62227 1.253
62228 1.253
62229 1.253
62230 1.253
62232 1.253
62233 1.253
62234 1.253
62235 1.253
62236 1.253
62237 1.253
62238 1.253
62239 1.253
62241 1.253
62242 1.253
62243 1.253
62244 1.253
62245 1.253
62246 1.253
62247 1.253
62249 1.253
62250 1.253
62251 1.253
62252 1.253
62253 1.253
62254 1.253
62255 1.253
62256 1.253
62258 1.253
62259 1.253
62260 1.253
62261 1.253
62262 1.253
62263 1.253
62264 1.253
62265 1.253
62267 1.253
62268 1.253
62269 1.253
62270 1.253
62271 1.253
62272 1.253
62273 1.253
62275 1.253
62276 1.253
62277 1.253
62278 1.253
62279 1.253
62280 1.253
62281 1.253
62282 1.253
62284 1.253
62285 1.253
62286 1.253
62287 1.253
62288 1.253
62289 1.253
62290 1.253
62291 1.253
62293 1.253
62294 1.253
62295 1.253
62296 1.253
62297 1.253
62298 1.253
62299 1.253
62301 1.253
62302 1.253
62303 1.253
62304 1.253
62305 1.253
62306 1.253
62307 1.253
62308 1.253
62310 1.253
62311 1.253
62312 1.253
62313 1.253
62314 1.253
62315 1.253
62316 1.253
62317 1.253
62319 1.253
62320 1.253
62321 1.253
62322 1.253
62323 1.253
62324 1.253
62325 1.253
62327 1.253
62328 1.253
62329 1.253
62330 1.253
62331 1.253
62332 1.253
62333 1.253
62334 1.253
62336 1.253
62337 1.253
62338 1.253
62339 1.253
62340 1.253
62341 1.253
62342 1.253
62343 1.253
62345 1.253
62346 1.253
62347 1.253
62348 1.253
62349 1.253
62350 1.253
62351 1.253
62353 1.253
62354 1.253
62355 1.253
62356 1.253
62357 1.253
62358 1.253
62359 1.253
62360 1.253
62362 1.253
62363 1.253
62364 1.253
62365 1.253
62366 1.253
62367 1.253
62368 1.253
62369 1.253
62371 1.253
62372 1.253
62373 1.253
62374 1.253
62375 1.253
62376 1.253
62377 1.253
62379 1.253
62380 1.253
62381 1.253
62382 1.253
62383 1.253
62384 1.253
62385 1.253
62386 1.253
62388 1.253
62389 1.253
62390 1.253
62391 1.253
62392 1.253
62393 1.253
62394 1.253
62395 1.253
62397 1.253
62398 1.253
62399 1.253
62400 1.253
62401 1.253
62402 1.253
62403 1.253
62405 1.253
62406 1.253
62407 1.253
62408 1.253
62409 1.253
62410 1.253
62411 1.253
62412 1.253
62414 1.253
62415 1.253
62416 1.253
62417 1.253
62418 1.253
62419 1.253
62420 1.253
62422 1.253
62423 1.253
62424 1.253
62425 1.253
62426 1.253
62427 1.253
62428 1.253
62429 1.253
62431 1.253
62432 1.253
62433 1.253
62434 1.253
62435 1.253
62436 1.253
62437 1.253
62438 1.253
62440 1.253
62441 1.253
62442 1.253
62443 1.253
62444 1.253
62445 1.253
62446 1.253
62448 1.253
62449 1.253
62450 1.253
62451 1.253
62452 1.253
62453 1.253
62454 1.253
62455 1.253
62457 1.253
62458 1.253
62459 1.253
62460 1.253
62461 1.253
62462 1.253
62463 1.253
62464 1.253
62466 1.253
62467 1.253
62468 1.253
62469 1.253
62470 1.253
62471 1.253
62472 1.253
62474 1.253
62475 1.253
62476 1.253
62477 1.253
62478 1.253
62479 1.253
62480 1.253
62481 1.253
62483 1.253
62484 1.253
62485 1.253
62486 1.253
62487 1.253
62488 1.253
62489 1.253
62490 1.253
62492 1.253
62493 1.253
62494 1.253
62495 1.253
62496 1.253
62497 1.253
62498 1.253
62500 1.253
62501 1.253
62502 1.253
62503 1.253
62504 1.253
62505 1.253
62506 1.253
62507 1.253
62509 1.253
62510 1.253
62511 1.253
62512 1.253
62513 1.253
62514 1.253
62515 1.253
62516 1.253
62518 1.253
62519 1.253
62520 1.253
62521 1.253
62522 1.253
62523 1.253
62524 1.253
62526 1.253
62527 1.253
62528 1.253
62529 1.253
62530 1.253
62531 1.253
62532 1.253
62533 1.253
62535 1.253
62536 1.253
62537 1.253
62538 1.253
62539 1.253
62540 1.253
62541 1.253
62542 1.253
62544 1.253
62545 1.253
62546 1.253
62547 1.253
62548 1.253
62549 1.253
62550 1.253
62552 1.253
62553 1.253
62554 1.253
62555 1.253
62556 1.253
62557 1.253
62558 1.253
62559 1.253
62561 1.253
62562 1.253
62563 1.253
62564 1.253
62565 1.253
62566 1.253
62567 1.253
62568 1.253
62570 1.253
62571 1.253
62572 1.253
62573 1.253
62574 1.253
62575 1.253
62576 1.253
62578 1.253
62579 1.253
62580 1.253
62581 1.253
62582 1.253
62583 1.253
62584 1.253
62585 1.253
62587 1.253
62588 1.253
62589 1.253
62590 1.253
62591 1.253
62592 1.253
62593 1.253
62594 1.253
62596 1.253
62597 1.253
62598 1.253
62599 1.253
62600 1.253
62601 1.253
62602 1.253
62604 1.253
62605 1.253
62606 1.253
62607 1.253
62608 1.253
62609 1.253
62610 1.253
62611 1.253
62613 1.253
62614 1.253
62615 1.253
62616 1.253
62617 1.253
62618 1.253
62619 1.253
62620 1.253
62622 1.253
62623 1.253
62624 1.253
62625 1.253
62626 1.253
62627 1.253
62628 1.253
62630 1.253
62631 1.253
62632 1.253
62633 1.253
62634 1.253
62635 1.253
62636 1.253
62637 1.253
62639 1.253
62640 1.253
62641 1.253
62642 1.253
62643 1.253
62644 1.253
62645 1.253
62646 1.253
62648 1.253
62649 1.253
62650 1.253
62651 1.253
62652 1.253
62653 1.253
62654 1.253
62656 1.253
62657 1.253
62658 1.253
62659 1.253
62660 1.253
62661 1.253
62662 1.253
62663 1.253
62665 1.253
62666 1.253
62667 1.253
62668 1.253
62669 1.253
62670 1.253
62671 1.253
62673 1.253
62674 1.253
62675 1.253
62676 1.253
62677 1.253
62678 1.253
62679 1.253
62680 1.253
62682 1.253
62683 1.253
62684 1.253
62685 1.253
62686 1.253
62687 1.253
62688 1.253
62689 1.253
62691 1.253
62692 1.253
62693 1.253
62694 1.253
62695 1.253
62696 1.253
62698 1.253
62699 1.253
62700 1.253
62701 1.253
62702 1.253
62703 1.253
62704 1.253
62705 1.253
62707 1.253
62708 1.253
62709 1.253
62710 1.253
62711 1.253
62712 1.253
62713 1.253
62714 1.253
62716 1.253
62717 1.253
62718 1.253
62719 1.253
62720 1.253
62721 1.253
62722 1.253
62724 1.253
62725 1.253
62726 1.253
62727 1.253
62728 1.253
62729 1.253
62730 1.253
62731 1.253
62733 1.253
62734 1.253
62735 1.253
62736 1.253
62737 1.253
62738 1.253
62739 1.253
62740 1.253
62742 1.253
62743 1.253
62744 1.253
62745 1.253
62746 1.253
62747 1.253
62748 1.253
62750 1.254
62751 1.253
62752 1.253
62753 1.253
62754 1.253
62755 1.253
62756 1.253
62757 1.253
62759 1.253
62760 1.253
62761 1.253
62762 1.253
62763 1.253
62764 1.253
62765 1.253
62766 1.253
62768 1.253
62769 1.253
62770 1.253
62771 1.253
62772 1.254
62773 1.253
62774 1.253
62776 1.253
62777 1.253
62778 1.253
62779 1.253
62780 1.253
62781 1.253
62782 1.253
62783 1.253
62785 1.253
62786 1.253
62787 1.253
62788 1.253
62789 1.253
62790 1.254
62791 1.253
62792 1.253
62794 1.253
62795 1.253
62796 1.254
62797 1.253
62798 1.254
62799 1.253
62800 1.254
62802 1.253
62803 1.253
62804 1.253
62805 1.253
62806 1.254
62807 1.253
62808 1.254
62809 1.253
62811 1.253
62812 1.254
62813 1.253
62814 1.254
62815 1.253
62816 1.253
62817 1.253
62819 1.254
62820 1.254
62821 1.254
62822 1.253
62823 1.254
62824 1.254
62825 1.253
62826 1.253
62828 1.253
62829 1.253
62830 1.253
62831 1.253
62832 1.254
62833 1.254
62834 1.254
62835 1.253
62837 1.253
62838 1.254
62839 1.254
62840 1.255
62841 1.255
62842 1.255
62843 1.253
62845 1.255
62846 1.255
62847 1.254
62848 1.254
62849 1.254
62850 1.255
62851 1.254
62852 1.254
62854 1.254
62855 1.255
62856 1.255
62857 1.254
62858 1.254
62859 1.255
62860 1.254
62861 1.255
62863 1.255
62864 1.255
62865 1.254
62866 1.254
62867 1.255
62868 1.254
62869 1.254
62871 1.255
62872 1.255
62873 1.255
62874 1.254
62875 1.255
62876 1.255
62877 1.255
62878 1.255
62880 1.255
62881 1.255
62882 1.254
62883 1.254
62884 1.254
62885 1.255
62886 1.255
62887 1.254
62889 1.254
62890 1.253
62891 1.254
62892 1.255
62893 1.254
62894 1.255
62895 1.255
62897 1.255
62898 1.255
62899 1.255
62900 1.255
62901 1.255
62902 1.254
62903 1.255
62904 1.255
62906 1.255
62907 1.255
62908 1.255
62909 1.255
62910 1.254
62911 1.255
62912 1.255
62913 1.255
62915 1.255
62916 1.255
62917 1.255
62918 1.255
62919 1.255
62920 1.255
62921 1.255
62923 1.255
62924 1.255
62925 1.254
62926 1.255
62927 1.254
62928 1.255
62929 1.255
62930 1.255
62932 1.255
62933 1.255
62934 1.255
62935 1.254
62936 1.255
62937 1.254
62938 1.255
62939 1.254
62941 1.255
62942 1.255
62943 1.255
62944 1.255
62945 1.255
62946 1.255
62947 1.255
62949 1.255
62950 1.255
62951 1.255
62952 1.255
62953 1.255
62954 1.255
62955 1.255
62956 1.255
62958 1.255
62959 1.255
62960 1.255
62961 1.255
62962 1.255
62963 1.255
62964 1.255
62965 1.255
62967 1.255
62968 1.255
62969 1.255
62970 1.255
62971 1.255
62972 1.255
62973 1.255
62975 1.255
62976 1.255
62977 1.255
62978 1.255
62979 1.255
62980 1.255
62981 1.255
62982 1.255
62984 1.255
62985 1.255
62986 1.255
62987 1.255
62988 1.255
62989 1.255
62990 1.255
62991 1.255
62993 1.255
62994 1.255
62995 1.255
62996 1.255
62997 1.255
62998 1.255
62999 1.255
63001 1.255
63002 1.255
63003 1.255
63004 1.255
63005 1.255
63006 1.255
63007 1.255
63008 1.255
63010 1.255
63011 1.255
63012 1.255
63013 1.255
63014 1.255
63015 1.255
63016 1.255
63018 1.255
63019 1.255
63020 1.255
63021 1.255
63022 1.255
63023 1.255
63024 1.255
63025 1.255
63027 1.255
63028 1.255
63029 1.255
63030 1.255
63031 1.255
63032 1.255
63033 1.255
63034 1.255
63036 1.255
63037 1.255
63038 1.255
63039 1.255
63040 1.255
63041 1.255
63042 1.255
63044 1.255
63045 1.255
63046 1.255
63047 1.255
63048 1.255
63049 1.254
63050 1.255
63051 1.255
63053 1.255
63054 1.255
63055 1.255
63056 1.255
63057 1.254
63058 1.255
63059 1.255
63060 1.255
63062 1.255
63063 1.255
63064 1.255
63065 1.255
63066 1.255
63067 1.255
63068 1.255
63070 1.255
63071 1.255
63072 1.255
63073 1.255
63074 1.255
63075 1.255
63076 1.255
63077 1.255
63079 1.255
63080 1.255
63081 1.255
63082 1.255
63083 1.254
63084 1.255
63085 1.255
63086 1.255
63088 1.255
63089 1.255
63090 1.255
63091 1.255
63092 1.255
63093 1.255
63094 1.255
63096 1.254
63097 1.255
63098 1.255
63099 1.255
63100 1.255
63101 1.255
63102 1.255
63103 1.254
63105 1.255
63106 1.255
63107 1.255
63108 1.255
63109 1.255
63110 1.255
63111 1.255
63112 1.255
63114 1.255
63115 1.255
63116 1.255
63117 1.255
63118 1.255
63119 1.255
63120 1.255
63122 1.255
63123 1.255
63124 1.255
63125 1.255
63126 1.255
63127 1.255
63128 1.255
63129 1.255
63131 1.255
63132 1.255
63133 1.255
63134 1.255
63135 1.255
63136 1.255
63137 1.255
63138 1.255
63140 1.255
63141 1.255
63142 1.255
63143 1.255
63144 1.255
63145 1.255
63146 1.255
63148 1.255
63149 1.255
63150 1.255
63151 1.255
63152 1.255
63153 1.255
63154 1.255
63155 1.255
63157 1.255
63158 1.255
63159 1.255
63160 1.255
63161 1.255
63162 1.255
63163 1.255
63164 1.255
63166 1.255
63167 1.255
63168 1.255
63169 1.255
63170 1.255
63171 1.255
63172 1.255
63174 1.255
63175 1.255
63176 1.255
63177 1.255
63178 1.255
63179 1.255
63180 1.255
63181 1.255
63183 1.255
63184 1.255
63185 1.255
63186 1.255
63187 1.255
63188 1.255
63189 1.255
63190 1.255
63192 1.255
63193 1.255
63194 1.255
63195 1.255
63196 1.255
63197 1.255
63198 1.255
63200 1.255
63201 1.255
63202 1.255
63203 1.255
63204 1.255
63205 1.255
63206 1.255
63207 1.255
63209 1.255
63210 1.255
63211 1.255
63212 1.255
63213 1.255
63214 1.255
63215 1.255
63217 1.255
63218 1.255
63219 1.255
63220 1.255
63221 1.255
63222 1.255
63223 1.255
63224 1.255
63226 1.255
63227 1.255
63228 1.255
63229 1.255
63230 1.255
63231 1.255
63232 1.255
63233 1.255
63235 1.255
63236 1.255
63237 1.255
63238 1.255
63239 1.255
63240 1.255
63242 1.255
63243 1.255
63244 1.255
63245 1.255
63246 1.255
63247 1.255
63248 1.255
63249 1.255
63251 1.255
63252 1.255
63253 1.255
63254 1.255
63255 1.255
63256 1.255
63257 1.255
63258 1.255
63260 1.255
63261 1.255
63262 1.255
63263 1.255
63264 1.255
63265 1.255
63266 1.255
63268 1.255
63269 1.254
63270 1.255
63271 1.255
63272 1.255
63273 1.255
63274 1.254
63275 1.255
63277 1.255
63278 1.255
63279 1.255
63280 1.255
63281 1.255
63282 1.255
63283 1.255
63284 1.255
63286 1.255
63287 1.255
63288 1.255
63289 1.255
63290 1.255
63291 1.255
63292 1.255
63294 1.255
63295 1.255
63296 1.255
63297 1.255
63298 1.255
63299 1.255
63300 1.255
63301 1.255
63303 1.255
63304 1.255
63305 1.255
63306 1.255
63307 1.255
63308 1.255
63309 1.255
63311 1.255
63312 1.255
63313 1.255
63314 1.255
63315 1.255
63316 1.255
63317 1.255
63318 1.255
63320 1.255
63321 1.255
63322 1.255
63323 1.255
63324 1.255
63325 1.255
63326 1.255
63327 1.255
63329 1.255
63330 1.255
63331 1.255
63332 1.255
63333 1.255
63334 1.255
63335 1.255
63337 1.255
63338 1.255
63339 1.255
63340 1.255
63341 1.255
63342 1.255
63343 1.255
63344 1.255
63346 1.255
63347 1.255
63348 1.255
63349 1.255
63350 1.255
63351 1.255
63352 1.255
63353 1.255
63355 1.255
63356 1.255
63357 1.255
63358 1.255
63359 1.255
63360 1.255
63361 1.255
63363 1.255
63364 1.255
63365 1.255
63366 1.255
63367 1.255
63368 1.255
63369 1.255
63370 1.255
63372 1.255
63373 1.255
63374 1.255
63375 1.255
63376 1.255
63377 1.255
63378 1.255
63379 1.255
63381 1.255
63382 1.255
63383 1.255
63384 1.255
63385 1.255
63386 1.255
63387 1.255
63389 1.255
63390 1.255
63391 1.255
63392 1.255
63393 1.255
63394 1.255
63395 1.255
63396 1.255
63398 1.255
63399 1.255
63400 1.255
63401 1.255
63402 1.255
63403 1.255
63404 1.255
63405 1.255
63407 1.255
63408 1.255
63409 1.255
63410 1.255
63411 1.255
63412 1.255
63413 1.255
63415 1.255
63416 1.255
63417 1.255
63418 1.255
63419 1.255
63420 1.255
63421 1.255
63422 1.255
63424 1.255
63425 1.256
63426 1.255
63427 1.255
63428 1.255
63429 1.255
63430 1.255
63431 1.255
63433 1.255
63434 1.255
63435 1.255
63436 1.255
63437 1.255
63438 1.255
63439 1.255
63441 1.255
63442 1.255
63443 1.255
63444 1.255
63445 1.255
63446 1.255
63447 1.255
63448 1.255
63450 1.255
63451 1.255
63452 1.255
63453 1.255
63454 1.255
63455 1.255
63456 1.255
63457 1.255
63459 1.255
63460 1.255
63461 1.255
63462 1.255
63463 1.255
63464 1.255
63465 1.255
63467 1.255
63468 1.255
63469 1.255
63470 1.255
63471 1.255
63472 1.255
63473 1.255
63474 1.255
63476 1.255
63477 1.255
63478 1.255
63479 1.255
63480 1.255
63481 1.255
63482 1.255
63484 1.255
63485 1.255
63486 1.255
63487 1.255
63488 1.255
63489 1.255
63490 1.255
63491 1.255
63493 1.255
63494 1.255
63495 1.255
63496 1.255
63497 1.255
63498 1.255
63499 1.255
63500 1.255
63502 1.255
63503 1.255
63504 1.255
63505 1.255
63506 1.255
63507 1.255
63508 1.255
63510 1.255
63511 1.255
63512 1.255
63513 1.255
63514 1.255
63515 1.255
63516 1.255
63517 1.255
63519 1.255
63520 1.255
63521 1.255
63522 1.255
63523 1.255
63524 1.255
63525 1.255
63526 1.255
63528 1.255
63529 1.255
63530 1.255
63531 1.255
63532 1.255
63533 1.255
63534 1.255
63536 1.255
63537 1.255
63538 1.255
63539 1.255
63540 1.255
63541 1.255
63542 1.255
63543 1.255
63545 1.255
63546 1.255
63547 1.255
63548 1.255
63549 1.255
63550 1.255
63551 1.255
63552 1.255
63554 1.255
63555 1.255
63556 1.255
63557 1.254
63558 1.255
63559 1.255
63560 1.255
63562 1.255
63563 1.255
63564 1.255
63565 1.255
63566 1.255
63567 1.255
63568 1.255
63569 1.255
63571 1.255
63572 1.255
63573 1.255
63574 1.255
63575 1.255
63576 1.255
63577 1.255
63578 1.255
63580 1.255
63581 1.255
63582 1.255
63583 1.255
63584 1.255
63585 1.255
63586 1.255
63588 1.255
63589 1.255
63590 1.255
63591 1.255
63592 1.255
63593 1.255
63594 1.255
63595 1.255
63597 1.255
63598 1.255
63599 1.255
63600 1.255
63601 1.255
63602 1.255
63603 1.255
63604 1.255
63606 1.255
63607 1.255
63608 1.255
63609 1.255
63610 1.255
63611 1.255
63612 1.255
63614 1.255
63615 1.255
63616 1.255
63617 1.255
63618 1.255
63619 1.255
63620 1.255
63621 1.255
63623 1.255
63624 1.255
63625 1.255
63626 1.255
63627 1.255
63628 1.255
63629 1.255
63630 1.255
63632 1.255
63633 1.255
63634 1.255
63635 1.255
63636 1.255
63637 1.255
63638 1.255
63640 1.255
63641 1.255
63642 1.255
63643 1.255
63644 1.255
63645 1.255
63646 1.255
63647 1.255
63649 1.255
63650 1.255
63651 1.255
63652 1.255
63653 1.255
63654 1.255
63655 1.255
63656 1.255
63658 1.255
63659 1.255
63660 1.255
63661 1.255
63662 1.255
63663 1.255
63664 1.255
63666 1.255
63667 1.255
63668 1.255
63669 1.255
63670 1.254
63671 1.255
63672 1.255
63673 1.255
63675 1.255
63676 1.255
63677 1.255
63678 1.255
63679 1.255
63680 1.255
63681 1.255
63683 1.255
63684 1.255
63685 1.255
63686 1.255
63687 1.255
63688 1.255
63689 1.255
63690 1.255
63692 1.255
63693 1.255
63694 1.255
63695 1.255
63696 1.255
63697 1.255
63698 1.255
63699 1.255
63701 1.255
63702 1.255
63703 1.255
63704 1.255
63705 1.255
63706 1.255
63707 1.255
63709 1.255
63710 1.255
63711 1.255
63712 1.255
63713 1.255
63714 1.255
63715 1.255
63716 1.255
63718 1.255
63719 1.255
63720 1.255
63721 1.255
63722 1.255
63723 1.255
63724 1.255
63725 1.255
63727 1.255
63728 1.255
63729 1.255
63730 1.255
63731 1.255
63732 1.255
63733 1.255
63735 1.255
63736 1.255
63737 1.255
63738 1.255
63739 1.255
63740 1.255
63741 1.255
63742 1.255
63744 1.255
63745 1.255
63746 1.255
63747 1.255
63748 1.255
63749 1.255
63750 1.255
63751 1.255
63753 1.255
63754 1.255
63755 1.255
63756 1.255
63757 1.255
63758 1.255
63759 1.255
63761 1.255
63762 1.255
63763 1.255
63764 1.255
63765 1.255
63766 1.255
63767 1.255
63768 1.255
63770 1.255
63771 1.255
63772 1.255
63773 1.255
63774 1.255
63775 1.255
63776 1.255
63777 1.255
63779 1.255
63780 1.255
63781 1.255
63782 1.255
63783 1.255
63784 1.255
63786 1.255
63787 1.255
63788 1.255
63789 1.255
63790 1.255
63791 1.255
63792 1.255
63793 1.255
63795 1.255
63796 1.255
63797 1.255
63798 1.255
63799 1.255
63800 1.255
63801 1.255
63802 1.255
63804 1.255
63805 1.255
63806 1.255
63807 1.255
63808 1.255
63809 1.255
63810 1.255
63812 1.255
63813 1.255
63814 1.255
63815 1.255
63816 1.255
63817 1.255
63818 1.255
63819 1.255
63821 1.255
63822 1.255
63823 1.255
63824 1.255
63825 1.255
63826 1.255
63827 1.255
63828 1.256
63830 1.255
63831 1.255
63832 1.255
63833 1.255
63834 1.255
63835 1.255
63836 1.255
63838 1.255
63839 1.255
63840 1.255
63841 1.255
63842 1.255
63843 1.255
63844 1.255
63845 1.255
63847 1.255
63848 1.255
63849 1.255
63850 1.255
63851 1.255
63852 1.255
63853 1.255
63854 1.255
63856 1.255
63857 1.255
63858 1.255
63859 1.255
63860 1.255
63861 1.255
63862 1.255
63864 1.255
63865 1.255
63866 1.255
63867 1.255
63868 1.255
63869 1.255
63870 1.255
63871 1.255
63873 1.255
63874 1.255
63875 1.255
63876 1.255
63877 1.255
63878 1.255
63879 1.255
63881 1.255
63882 1.255
63883 1.256
63884 1.255
63885 1.255
63886 1.255
63887 1.255
63888 1.255
63890 1.255
63891 1.255
63892 1.255
63893 1.255
63894 1.255
63895 1.255
63896 1.256
63897 1.256
63899 1.256
63900 1.255
63901 1.255
63902 1.256
63903 1.255
63904 1.255
63905 1.255
63907 1.255
63908 1.255
63909 1.255
63910 1.256
63911 1.255
63912 1.255
63913 1.255
63914 1.255
63916 1.255
63917 1.255
63918 1.255
63919 1.255
63920 1.255
63921 1.255
63922 1.255
63923 1.256
63925 1.255
63926 1.255
63927 1.255
63928 1.255
63929 1.255
63930 1.255
63931 1.255
63933 1.256
63934 1.255
63935 1.255
63936 1.256
63937 1.256
63938 1.255
63939 1.255
63940 1.255
63942 1.255
63943 1.257
63944 1.255
63945 1.255
63946 1.257
63947 1.256
63948 1.255
63949 1.255
63951 1.256
63952 1.255
63953 1.257
63954 1.256
63955 1.256
63956 1.256
63957 1.256
63959 1.255
63960 1.256
63961 1.256
63962 1.256
63963 1.257
63964 1.256
63965 1.256
63966 1.255
63968 1.256
63969 1.255
63970 1.257
63971 1.255
63972 1.257
63973 1.255
63974 1.256
63975 1.255
63977 1.256
63978 1.257
63979 1.256
63980 1.257
63981 1.255
63982 1.255
63983 1.256
63985 1.256
63986 1.257
63987 1.255
63988 1.256
63989 1.255
63990 1.256
63991 1.257
63992 1.257
63994 1.257
63995 1.256
63996 1.256
63997 1.257
63998 1.257
63999 1.257
64000 1.257
64001 1.256
64003 1.257
64004 1.256
64005 1.257
64006 1.256
64007 1.257
64008 1.257
64009 1.256
64011 1.256
64012 1.257
64013 1.257
64014 1.256
64015 1.256
64016 1.255
64017 1.256
64018 1.257
64020 1.255
64021 1.256
64022 1.257
64023 1.257
64024 1.256
64025 1.257
64026 1.257
64027 1.257
64029 1.257
64030 1.255
64031 1.257
64032 1.257
64033 1.257
64034 1.257
64035 1.257
64037 1.257
64038 1.257
64039 1.257
64040 1.256
64041 1.256
64042 1.257
64043 1.256
64044 1.257
64046 1.257
64047 1.257
64048 1.257
64049 1.257
64050 1.257
64051 1.257
64052 1.257
64053 1.257
64055 1.257
64056 1.257
64057 1.257
64058 1.257
64059 1.257
64060 1.257
64061 1.257
64063 1.257
64064 1.257
64065 1.257
64066 1.257
64067 1.256
64068 1.257
64069 1.257
64070 1.257
64072 1.256
64073 1.256
64074 1.257
64075 1.257
64076 1.257
64077 1.257
64078 1.257
64080 1.257
64081 1.257
64082 1.257
64083 1.257
64084 1.256
64085 1.257
64086 1.257
64087 1.257
64089 1.257
64090 1.257
64091 1.257
64092 1.257
64093 1.257
64094 1.257
64095 1.257
64096 1.257
64098 1.257
64099 1.257
64100 1.256
64101 1.257
64102 1.257
64103 1.257
64104 1.257
64106 1.257
64107 1.257
64108 1.257
64109 1.257
64110 1.257
64111 1.257
64112 1.257
64113 1.257
64115 1.257
64116 1.257
64117 1.257
64118 1.257
64119 1.257
64120 1.257
64121 1.257
64122 1.257
64124 1.257
64125 1.257
64126 1.257
64127 1.257
64128 1.257
64129 1.257
64130 1.257
64132 1.257
64133 1.257
64134 1.257
64135 1.257
64136 1.257
64137 1.257
64138 1.257
64139 1.257
64141 1.257
64142 1.257
64143 1.257
64144 1.257
64145 1.257
64146 1.257
64147 1.257
64148 1.257
64150 1.257
64151 1.257
64152 1.257
64153 1.257
64154 1.257
64155 1.257
64156 1.257
64158 1.257
64159 1.257
64160 1.257
64161 1.257
64162 1.257
64163 1.257
64164 1.257
64165 1.257
64167 1.257
64168 1.257
64169 1.257
64170 1.257
64171 1.257
64172 1.257
64173 1.257
64174 1.257
64176 1.257
64177 1.257
64178 1.257
64179 1.257
64180 1.257
64181 1.257
64182 1.257
64184 1.257
64185 1.257
64186 1.257
64187 1.257
64188 1.257
64189 1.257
64190 1.257
64191 1.257
64193 1.257
64194 1.257
64195 1.257
64196 1.257
64197 1.257
64198 1.256
64199 1.257
64201 1.257
64202 1.257
64203 1.257
64204 1.257
64205 1.257
64206 1.257
64207 1.257
64208 1.257
64210 1.257
64211 1.257
64212 1.257
64213 1.257
64214 1.257
64215 1.257
64216 1.257
64217 1.257
64219 1.257
64220 1.257
64221 1.257
64222 1.257
64223 1.257
64224 1.257
64225 1.257
64227 1.257
64228 1.257
64229 1.257
64230 1.257
64231 1.257
64232 1.257
64233 1.257
64234 1.257
64236 1.257
64237 1.257
64238 1.257
64239 1.257
64240 1.257
64241 1.257
64242 1.257
64243 1.257
64245 1.257
64246 1.257
64247 1.257
64248 1.257
64249 1.257
64250 1.257
64251 1.257
64253 1.257
64254 1.257
64255 1.257
64256 1.257
64257 1.257
64258 1.257
64259 1.257
64260 1.257
64262 1.257
64263 1.257
64264 1.257
64265 1.257
64266 1.257
64267 1.256
64268 1.257
64269 1.257
64271 1.257
64272 1.257
64273 1.257
64274 1.257
64275 1.257
64276 1.257
64277 1.257
64279 1.257
64280 1.257
64281 1.257
64282 1.257
64283 1.257
64284 1.257
64285 1.257
64286 1.257
64288 1.257
64289 1.257
64290 1.257
64291 1.257
64292 1.257
64293 1.257
64294 1.257
64295 1.257
64297 1.257
64298 1.257
64299 1.257
64300 1.257
64301 1.257
64302 1.257
64303 1.257
64305 1.257
64306 1.257
64307 1.257
64308 1.257
64309 1.257
64310 1.257
64311 1.257
64312 1.257
64314 1.257
64315 1.257
64316 1.257
64317 1.256
64318 1.257
64319 1.257
64320 1.257
64321 1.257
64323 1.257
64324 1.257
64325 1.257
64326 1.257
64327 1.257
64328 1.257
64330 1.257
64331 1.257
64332 1.257
64333 1.257
64334 1.257
64335 1.257
64336 1.257
64337 1.257
64339 1.257
64340 1.257
64341 1.257
64342 1.257
64343 1.257
64344 1.257
64345 1.257
64347 1.257
64348 1.257
64349 1.257
64350 1.257
64351 1.257
64352 1.257
64353 1.257
64354 1.257
64356 1.257
64357 1.257
64358 1.257
64359 1.257
64360 1.257
64361 1.257
64362 1.257
64363 1.257
64365 1.257
64366 1.257
64367 1.257
64368 1.257
64369 1.257
64370 1.257
64371 1.257
64373 1.257
64374 1.257
64375 1.257
64376 1.257
64377 1.257
64378 1.257
64379 1.257
64380 1.256
64382 1.257
64383 1.257
64384 1.257
64385 1.257
64386 1.257
64387 1.257
64388 1.257
64389 1.257
64391 1.257
64392 1.257
64393 1.257
64394 1.257
64395 1.257
64396 1.257
64397 1.257
64399 1.257
64400 1.257
64401 1.257
64402 1.257
64403 1.257
64404 1.257
64405 1.257
64406 1.257
64408 1.257
64409 1.257
64410 1.257
64411 1.257
64412 1.257
64413 1.257
64414 1.257
64415 1.257
64417 1.257
64418 1.257
64419 1.257
64420 1.257
64421 1.257
64422 1.257
64423 1.257
64425 1.257
64426 1.257
64427 1.257
64428 1.257
64429 1.257
64430 1.257
64431 1.257
64432 1.257
64434 1.257
64435 1.257
64436 1.257
64437 1.257
64438 1.257
64439 1.257
64440 1.257
64441 1.257
64443 1.257
64444 1.257
64445 1.257
64446 1.257
64447 1.257
64448 1.257
64449 1.257
64451 1.257
64452 1.257
64453 1.257
64454 1.257
64455 1.257
64456 1.257
64457 1.257
64458 1.257
64460 1.257
64461 1.257
64462 1.257
64463 1.257
64464 1.257
64465 1.257
64466 1.257
64467 1.257
64469 1.257
64470 1.257
64471 1.257
64472 1.257
64473 1.257
64474 1.257
64475 1.257
64477 1.257
64478 1.257
64479 1.257
64480 1.257
64481 1.257
64482 1.257
64483 1.257
64484 1.257
64486 1.257
64487 1.257
64488 1.257
64489 1.257
64490 1.257
64491 1.257
64492 1.257
64493 1.257
64495 1.257
64496 1.257
64497 1.257
64498 1.257
64499 1.257
64500 1.257
64501 1.257
64503 1.257
64504 1.257
64505 1.257
64506 1.257
64507 1.257
64508 1.257
64509 1.257
64510 1.257
64512 1.257
64513 1.257
64514 1.257
64515 1.257
64516 1.257
64517 1.257
64518 1.257
64520 1.257
64521 1.257
64522 1.257
64523 1.257
64524 1.257
64525 1.257
64526 1.257
64527 1.257
64529 1.257
64530 1.257
64531 1.257
64532 1.257
64533 1.257
64534 1.257
64535 1.257
64536 1.257
64538 1.257
64539 1.257
64540 1.257
64541 1.257
64542 1.257
64543 1.257
64544 1.257
64546 1.257
64547 1.257
64548 1.257
64549 1.257
64550 1.257
64551 1.257
64552 1.257
64553 1.257
64555 1.257
64556 1.257
64557 1.257
64558 1.257
64559 1.257
64560 1.257
64561 1.257
64562 1.257
64564 1.257
64565 1.257
64566 1.257
64567 1.257
64568 1.257
64569 1.257
64570 1.257
64572 1.257
64573 1.257
64574 1.257
64575 1.257
64576 1.257
64577 1.257
64578 1.257
64579 1.257
64581 1.257
64582 1.257
64583 1.257
64584 1.257
64585 1.257
64586 1.257
64587 1.257
64588 1.257
64590 1.257
64591 1.257
64592 1.257
64593 1.257
64594 1.257
64595 1.257
64596 1.257
64598 1.257
64599 1.257
64600 1.257
64601 1.257
64602 1.257
64603 1.257
64604 1.257
64605 1.257
64607 1.257
64608 1.257
64609 1.257
64610 1.257
64611 1.257
64612 1.257
64613 1.257
64614 1.257
64616 1.257
64617 1.257
64618 1.257
64619 1.257
64620 1.257
64621 1.257
64622 1.257
64624 1.257
64625 1.257
64626 1.257
64627 1.257
64628 1.257
64629 1.257
64630 1.257
64631 1.257
64633 1.257
64634 1.257
64635 1.257
64636 1.257
64637 1.257
64638 1.257
64639 1.257
64640 1.257
64642 1.257
64643 1.257
64644 1.257
64645 1.257
64646 1.257
64647 1.257
64648 1.257
64650 1.257
64651 1.257
64652 1.257
64653 1.257
64654 1.257
64655 1.257
64656 1.257
64657 1.257
64659 1.257
64660 1.257
64661 1.257
64662 1.257
64663 1.257
64664 1.257
64665 1.257
64666 1.257
64668 1.257
64669 1.257
64670 1.257
64671 1.257
64672 1.257
64673 1.257
64674 1.257
64676 1.257
64677 1.257
64678 1.257
64679 1.257
64680 1.257
64681 1.257
64682 1.257
64683 1.257
64685 1.257
64686 1.257
64687 1.257
64688 1.257
64689 1.257
64690 1.257
64691 1.257
64693 1.257
64694 1.257
64695 1.257
64696 1.257
64697 1.257
64698 1.257
64699 1.257
64700 1.257
64702 1.257
64703 1.257
64704 1.257
64705 1.257
64706 1.257
64707 1.257
64708 1.257
64709 1.257
64711 1.257
64712 1.257
64713 1.257
64714 1.257
64715 1.257
64716 1.257
64717 1.257
64719 1.257
64720 1.257
64721 1.257
64722 1.257
64723 1.257
64724 1.257
64725 1.257
64726 1.257
64728 1.257
64729 1.257
64730 1.257
64731 1.257
64732 1.257
64733 1.257
64734 1.257
64735 1.257
64737 1.257
64738 1.257
64739 1.257
64740 1.257
64741 1.257
64742 1.257
64743 1.257
64745 1.257
64746 1.257
64747 1.257
64748 1.257
64749 1.257
64750 1.257
64751 1.257
64752 1.257
64754 1.257
64755 1.257
64756 1.257
64757 1.257
64758 1.257
64759 1.257
64760 1.257
64761 1.257
64763 1.257
64764 1.257
64765 1.257
64766 1.257
64767 1.257
64768 1.257
64769 1.257
64771 1.257
64772 1.257
64773 1.257
64774 1.257
64775 1.257
64776 1.257
64777 1.257
64778 1.257
64780 1.257
64781 1.257
64782 1.257
64783 1.257
64784 1.257
64785 1.257
64786 1.257
64787 1.257
64789 1.257
64790 1.257
64791 1.257
64792 1.257
64793 1.257
64794 1.257
64795 1.257
64797 1.257
64798 1.257
64799 1.257
64800 1.257
64801 1.257
64802 1.257
64803 1.257
64804 1.257
64806 1.257
64807 1.257
64808 1.257
64809 1.257
64810 1.257
64811 1.257
64812 1.257
64813 1.257
64815 1.257
64816 1.257
64817 1.257
64818 1.257
64819 1.257
64820 1.257
64821 1.257
64823 1.257
64824 1.257
64825 1.257
64826 1.257
64827 1.257
64828 1.257
64829 1.257
64830 1.257
64832 1.257
64833 1.257
64834 1.257
64835 1.257
64836 1.257
64837 1.257
64838 1.257
64840 1.257
64841 1.257
64842 1.257
64843 1.257
64844 1.257
64845 1.257
64846 1.257
64847 1.257
64849 1.257
64850 1.257
64851 1.257
64852 1.257
64853 1.257
64854 1.257
64855 1.257
64856 1.257
64858 1.257
64859 1.257
64860 1.257
64861 1.257
64862 1.257
64863 1.257
64864 1.257
64866 1.257
64867 1.257
64868 1.257
64869 1.257
64870 1.257
64871 1.257
64872 1.257
64873 1.257
64875 1.257
64876 1.257
64877 1.257
64878 1.257
64879 1.257
64880 1.257
64881 1.257
64883 1.257
64884 1.257
64885 1.257
64886 1.257
64887 1.257
64888 1.257
64889 1.257
64891 1.257
64892 1.257
64893 1.257
64894 1.257
64895 1.257
64896 1.257
64897 1.257
64898 1.257
64900 1.257
64901 1.257
64902 1.257
64903 1.257
64904 1.257
64905 1.257
64906 1.257
64907 1.257
64909 1.257
64910 1.257
64911 1.257
64912 1.257
64913 1.257
64914 1.257
64915 1.257
64917 1.257
64918 1.257
64919 1.257
64920 1.257
64921 1.257
64922 1.257
64923 1.257
64924 1.257
64926 1.257
64927 1.257
64928 1.257
64929 1.257
64930 1.257
64931 1.257
64932 1.257
64933 1.257
64935 1.257
64936 1.257
64937 1.257
64938 1.257
64939 1.257
64940 1.257
64941 1.257
64943 1.257
64944 1.257
64945 1.258
64946 1.257
64947 1.257
64948 1.257
64949 1.257
64950 1.257
64952 1.257
64953 1.257
64954 1.257
64955 1.257
64956 1.257
64957 1.257
64958 1.257
64959 1.257
64961 1.257
64962 1.257
64963 1.257
64964 1.257
64965 1.257
64966 1.257
64967 1.257
64969 1.257
64970 1.257
64971 1.257
64972 1.257
64973 1.257
64974 1.257
64975 1.257
64976 1.257
64978 1.257
64979 1.257
64980 1.257
64981 1.258
64982 1.257
64983 1.257
64984 1.257
64986 1.258
64987 1.257
64988 1.257
64989 1.257
64990 1.257
64991 1.257
64992 1.257
64993 1.257
64995 1.257
64996 1.257
64997 1.257
64998 1.257
64999 1.257
65000 1.257
65001 1.257
65002 1.257
65004 1.257
65005 1.258
65006 1.257
65007 1.257
65008 1.257
65009 1.257
65010 1.257
65012 1.257
65013 1.257
65014 1.257
65015 1.257
65016 1.257
65017 1.257
65018 1.257
65019 1.257
65021 1.258
65022 1.257
65023 1.257
65024 1.257
65025 1.257
65026 1.257
65027 1.257
65028 1.257
65030 1.257
65031 1.257
65032 1.257
65033 1.257
65034 1.257
65035 1.257
65036 1.257
65038 1.257
65039 1.257
65040 1.257
65041 1.257
65042 1.257
65043 1.257
65044 1.257
65045 1.257
65047 1.257
65048 1.257
65049 1.257
65050 1.257
65051 1.257
65052 1.257
65053 1.257
65054 1.257
65056 1.257
65057 1.257
65058 1.257
65059 1.257
65060 1.257
65061 1.257
65062 1.257
65064 1.257
65065 1.257
65066 1.257
65067 1.257
65068 1.257
65069 1.257
65070 1.257
65071 1.257
65073 1.257
65074 1.257
65075 1.257
65076 1.257
65077 1.257
65078 1.257
65079 1.257
65080 1.258
65082 1.257
65083 1.257
65084 1.257
65085 1.257
65086 1.257
65087 1.257
65088 1.257
65090 1.257
65091 1.257
65092 1.257
65093 1.257
65094 1.257
65095 1.257
65096 1.257
65097 1.257
65099 1.257
65100 1.257
65101 1.257
65102 1.257
65103 1.257
65104 1.257
65105 1.257
65106 1.257
65108 1.257
65109 1.257
65110 1.257
65111 1.257
65112 1.257
65113 1.257
65114 1.257
65116 1.257
65117 1.257
65118 1.257
65119 1.257
65120 1.257
65121 1.257
65122 1.257
65123 1.258
65125 1.257
65126 1.257
65127 1.257
65128 1.257
65129 1.257
65130 1.257
65131 1.257
65132 1.258
65134 1.257
65135 1.257
65136 1.257
65137 1.257
65138 1.257
65139 1.257
65140 1.257
65142 1.257
65143 1.257
65144 1.257
65145 1.258
65146 1.257
65147 1.258
65148 1.257
65149 1.257
65151 1.257
65152 1.257
65153 1.258
65154 1.257
65155 1.257
65156 1.258
65157 1.258
65159 1.257
65160 1.257
65161 1.257
65162 1.258
65163 1.257
65164 1.258
65165 1.257
65166 1.257
65168 1.258
65169 1.258
65170 1.257
65171 1.257
65172 1.257
65173 1.257
65174 1.258
65175 1.257
65177 1.258
65178 1.257
65179 1.258
65180 1.257
65181 1.257
65182 1.257
65183 1.257
65185 1.257
65186 1.258
65187 1.257
65188 1.257
65189 1.258
65190 1.257
65191 1.257
65192 1.258
65194 1.258
65195 1.257
65196 1.258
65197 1.258
65198 1.257
65199 1.257
65200 1.258
65201 1.257
65203 1.258
65204 1.257
65205 1.258
65206 1.257
65207 1.258
65208 1.258
65209 1.257
65211 1.257
65212 1.258
65213 1.258
65214 1.258
65215 1.258
65216 1.257
65217 1.258
65218 1.258
65220 1.258
65221 1.257
65222 1.258
65223 1.258
65224 1.258
65225 1.257
65226 1.258
65227 1.258
65229 1.258
65230 1.257
65231 1.258
65232 1.258
65233 1.258
65234 1.257
65235 1.257
65237 1.258
65238 1.257
65239 1.258
65240 1.258
65241 1.258
65242 1.258
65243 1.258
65244 1.258
65246 1.258
65247 1.258
65248 1.258
65249 1.258
65250 1.258
65251 1.258
65252 1.258
65253 1.258
65255 1.258
65256 1.258
65257 1.257
65258 1.258
65259 1.258
65260 1.258
65261 1.258
65263 1.258
65264 1.258
65265 1.258
65266 1.258
65267 1.258
65268 1.258
65269 1.258
65270 1.258
65272 1.258
65273 1.258
65274 1.257
65275 1.258
65276 1.258
65277 1.257
65278 1.258
65279 1.258
65281 1.258
65282 1.258
65283 1.258
65284 1.258
65285 1.257
65286 1.258
65287 1.258
65289 1.257
65290 1.258
65291 1.258
65292 1.257
65293 1.257
65294 1.258
65295 1.258
65296 1.258
65298 1.258
65299 1.258
65300 1.258
65301 1.258
65302 1.257
65303 1.257
65304 1.258
65305 1.258
65307 1.258
65308 1.258
65309 1.258
65310 1.257
65311 1.258
65312 1.258
65313 1.258
65315 1.258
65316 1.258
65317 1.258
65318 1.258
65319 1.258
65320 1.258
65321 1.258
65322 1.257
65324 1.258
65325 1.257
65326 1.258
65327 1.257
65328 1.258
65329 1.258
65330 1.258
65332 1.257
65333 1.258
65334 1.258
65335 1.258
65336 1.257
65337 1.257
65338 1.258
65339 1.258
65341 1.257
65342 1.258
65343 1.258
65344 1.257
65345 1.258
65346 1.258
65347 1.257
65348 1.258
65350 1.258
65351 1.257
65352 1.258
65353 1.258
65354 1.258
65355 1.258
65356 1.258
65358 1.258
65359 1.257
65360 1.258
65361 1.257
65362 1.257
65363 1.258
65364 1.257
65365 1.257
65367 1.258
65368 1.257
65369 1.258
65370 1.257
65371 1.258
65372 1.257
65373 1.258
65374 1.258
65376 1.257
65377 1.258
65378 1.257
65379 1.258
65380 1.257
65381 1.258
65382 1.257
65384 1.258
65385 1.258
65386 1.258
65387 1.258
65388 1.257
65389 1.257
65390 1.258
65391 1.258
65393 1.258
65394 1.258
65395 1.258
65396 1.258
65397 1.258
65398 1.257
65399 1.258
65400 1.258
65402 1.258
65403 1.258
65404 1.258
65405 1.258
65406 1.258
65407 1.258
65408 1.258
65410 1.258
65411 1.258
65412 1.258
65413 1.258
65414 1.258
65415 1.257
65416 1.258
65417 1.258
65419 1.257
65420 1.258
65421 1.258
65422 1.258
65423 1.258
65424 1.257
65426 1.258
65427 1.258
65428 1.258
65429 1.258
65430 1.258
65431 1.258
65432 1.258
65433 1.258
65435 1.258
65436 1.258
65437 1.258
65438 1.258
65439 1.258
65440 1.258
65441 1.258
65442 1.258
65444 1.258
65445 1.258
65446 1.258
65447 1.258
65448 1.258
65449 1.258
65450 1.258
65452 1.258
65453 1.258
65454 1.258
65455 1.258
65456 1.258
65457 1.258
65458 1.258
65459 1.258
65461 1.258
65462 1.258
65463 1.258
65464 1.258
65465 1.258
65466 1.258
65467 1.258
65468 1.258
65470 1.258
65471 1.258
65472 1.258
65473 1.258
65474 1.258
65475 1.258
65476 1.258
65478 1.258
65479 1.258
65480 1.258
65481 1.258
65482 1.258
65483 1.258
65484 1.258
65485 1.258
65487 1.258
65488 1.258
65489 1.258
65490 1.258
65491 1.258
65492 1.258
65493 1.258
65494 1.258
65496 1.258
65497 1.258
65498 1.258
65499 1.258
65500 1.258
65501 1.258
65502 1.258
65504 1.258
65505 1.258
65506 1.258
65507 1.258
65508 1.258
65509 1.258
65510 1.258
65511 1.258
65513 1.258
65514 1.258
65515 1.258
65516 1.258
65517 1.258
65518 1.258
65519 1.258
