# Este conjunto de dados, denominado CargaPilhasAA, é composto por vários arquivos com dados de descarga e de recuperação de pilhas AA de diversos fabricantes. Estes dados são distribuídos sob licença Creative Commons Attribution 4.0 (CC-BY). <http://creativecommons.org/licenses/by/4.0/>
# This dataset, named CargaPilhasAA, is composed of several files with discharge and recovery of AA batteries from several manufacturers. This dataset is licensed under a Creative Commons Attribution 4.0 International License (CC-BY). <http://creativecommons.org/licenses/by/4.0/>
# Galileu H. Oliveira, Rio de Janeiro, Brasil. Jan/2023.
# Fabricante: GREEN
# Tipo: comum
# Exemplar: 2
# Processo: recuperação
# Corrente: 0 mA
# tempo (segundos)  tensão (volts)
Time  G2
42939 0.694
42940 0.786
42941 0.798
42942 0.806
42944 0.813
42945 0.820
42946 0.827
42947 0.832
42948 0.838
42949 0.843
42950 0.848
42951 0.852
42953 0.856
42954 0.861
42955 0.864
42956 0.867
42957 0.871
42958 0.874
42959 0.877
42960 0.881
42962 0.883
42963 0.886
42964 0.889
42965 0.891
42966 0.893
42967 0.896
42968 0.897
42969 0.900
42971 0.902
42972 0.904
42973 0.906
42974 0.907
42975 0.910
42976 0.911
42977 0.913
42978 0.915
42980 0.916
42981 0.918
42982 0.919
42983 0.921
42984 0.922
42985 0.923
42986 0.925
42987 0.926
42989 0.927
42990 0.928
42991 0.930
42992 0.931
42993 0.931
42994 0.933
42995 0.934
42997 0.935
42998 0.936
42999 0.936
43000 0.938
43002 0.939
43004 0.941
43007 0.943
43009 0.944
43011 0.945
43013 0.947
43016 0.948
43018 0.950
43020 0.951
43022 0.952
43024 0.953
43027 0.954
43029 0.956
43031 0.956
43033 0.957
43036 0.958
43038 0.960
43040 0.960
43042 0.961
43045 0.962
43047 0.963
43049 0.964
43051 0.965
43053 0.965
43056 0.966
43058 0.967
43060 0.968
43062 0.968
43067 0.970
43071 0.971
43076 0.972
43080 0.973
43085 0.975
43089 0.976
43094 0.977
43098 0.978
43102 0.979
43107 0.981
43111 0.981
43116 0.983
43120 0.984
43125 0.984
43134 0.986
43142 0.988
43151 0.990
43160 0.992
43169 0.993
43178 0.995
43187 0.997
43204 0.999
43222 1.002
43240 1.005
43258 1.008
43293 1.011
43328 1.016
43399 1.023
43499 1.032
43598 1.042
43698 1.050
43797 1.058
43897 1.065
43997 1.072
44096 1.078
44196 1.084
44295 1.089
44395 1.094
44494 1.099
44594 1.103
44693 1.107
44793 1.111
44893 1.115
44992 1.119
45092 1.122
45191 1.126
45291 1.129
45390 1.132
45490 1.135
45589 1.138
45689 1.141
45789 1.143
45888 1.146
45988 1.148
46087 1.151
46187 1.153
46286 1.155
46386 1.157
46485 1.159
46585 1.161
46684 1.163
46784 1.164
46884 1.166
46983 1.168
47083 1.170
47182 1.171
47282 1.173
47381 1.175
47481 1.176
47580 1.178
47680 1.179
47780 1.181
47879 1.182
47979 1.184
48078 1.185
48178 1.186
48277 1.187
48377 1.189
48476 1.190
48576 1.191
48676 1.192
48775 1.193
48875 1.194
48974 1.195
49074 1.196
49173 1.197
49273 1.199
49372 1.199
49472 1.200
49571 1.201
49671 1.202
49771 1.203
49870 1.204
49970 1.205
50069 1.205
50169 1.207
50268 1.207
50368 1.209
50467 1.209
50567 1.210
50667 1.210
50766 1.211
50866 1.212
50965 1.212
51065 1.214
51164 1.214
51264 1.215
51363 1.215
51463 1.215
51562 1.217
51662 1.217
51762 1.217
51861 1.219
51961 1.219
52060 1.219
52160 1.220
52259 1.220
52359 1.220
52458 1.222
52558 1.222
52658 1.222
52757 1.223
52857 1.224
52956 1.224
53056 1.225
53155 1.225
53255 1.225
53354 1.225
53454 1.227
53553 1.227
53653 1.227
53753 1.227
53852 1.228
53952 1.229
54051 1.229
54151 1.229
54250 1.230
54350 1.230
54449 1.230
54549 1.230
54649 1.231
54748 1.232
54848 1.232
54947 1.232
55047 1.232
55146 1.233
55246 1.233
55345 1.233
55445 1.233
55544 1.234
55644 1.234
55744 1.235
55843 1.235
55844 1.235
55845 1.235
55846 1.235
55848 1.235
55849 1.235
55850 1.235
55851 1.235
55852 1.235
55853 1.235
55854 1.235
55855 1.235
55857 1.235
55858 1.235
55859 1.235
55860 1.235
55861 1.235
55862 1.235
55863 1.235
55865 1.235
55866 1.235
55867 1.235
55868 1.235
55869 1.235
55870 1.235
55871 1.235
55872 1.235
55874 1.235
55875 1.235
55876 1.235
55877 1.235
55878 1.235
55879 1.235
55880 1.235
55881 1.235
55883 1.235
55884 1.235
55885 1.236
55886 1.235
55887 1.235
55888 1.235
55889 1.235
55890 1.235
55892 1.235
55893 1.235
55894 1.235
55895 1.235
55896 1.235
55897 1.235
55898 1.235
55899 1.235
55901 1.235
55902 1.235
55903 1.235
55904 1.235
55906 1.235
55908 1.235
55911 1.235
55913 1.235
55915 1.235
55917 1.235
55920 1.235
55922 1.235
55924 1.235
55926 1.235
55929 1.235
55931 1.235
55933 1.235
55935 1.235
55937 1.235
55940 1.235
55942 1.235
55944 1.235
55946 1.235
55949 1.235
55951 1.235
55953 1.235
55956 1.235
55958 1.235
55960 1.235
55962 1.235
55964 1.235
55967 1.235
55971 1.235
55976 1.235
55980 1.235
55984 1.235
55989 1.235
55993 1.235
55998 1.235
56002 1.235
56007 1.235
56011 1.235
56016 1.235
56020 1.235
56024 1.235
56029 1.235
56038 1.235
56047 1.235
56056 1.235
56064 1.235
56073 1.235
56082 1.235
56091 1.235
56109 1.235
56126 1.235
56144 1.235
56162 1.235
56197 1.236
56233 1.237
56303 1.237
56403 1.237
56503 1.237
56602 1.237
56702 1.237
56801 1.237
56901 1.238
57000 1.238
57100 1.238
57199 1.238
57299 1.238
57399 1.239
57498 1.240
57598 1.240
57697 1.240
57797 1.240
57896 1.240
57996 1.240
58095 1.241
58195 1.242
58294 1.242
58394 1.242
58494 1.242
58593 1.242
58693 1.242
58792 1.242
58892 1.242
58991 1.242
59091 1.243
59190 1.243
59290 1.243
59390 1.243
59489 1.243
59589 1.243
59688 1.243
59788 1.244
59887 1.244
59987 1.245
60086 1.245
60186 1.245
60285 1.245
60287 1.245
60288 1.245
60289 1.245
60290 1.245
60291 1.245
60292 1.245
60293 1.245
60294 1.245
60296 1.245
60297 1.245
60298 1.245
60299 1.245
60300 1.245
60301 1.245
60302 1.245
60304 1.245
60305 1.245
60306 1.245
60307 1.245
60308 1.245
60309 1.245
60310 1.245
60311 1.245
60313 1.245
60314 1.245
60315 1.245
60316 1.245
60317 1.245
60318 1.245
60319 1.245
60320 1.245
60322 1.245
60323 1.245
60324 1.245
60325 1.245
60326 1.245
60327 1.245
60328 1.245
60329 1.245
60331 1.245
60332 1.245
60333 1.245
60334 1.245
60335 1.245
60336 1.245
60337 1.245
60338 1.245
60340 1.245
60341 1.245
60342 1.245
60343 1.245
60344 1.245
60345 1.245
60346 1.245
60349 1.245
60351 1.245
60353 1.245
60355 1.245
60358 1.245
60360 1.245
60362 1.245
60364 1.245
60366 1.245
60369 1.245
60371 1.245
60373 1.245
60375 1.245
60378 1.245
60380 1.245
60382 1.245
60384 1.245
60387 1.245
60389 1.245
60391 1.245
60393 1.245
60395 1.245
60398 1.245
60400 1.245
60402 1.245
60404 1.245
60407 1.245
60411 1.245
60416 1.245
60420 1.245
60424 1.245
60429 1.245
60433 1.245
60438 1.245
60442 1.245
60447 1.245
60451 1.245
60456 1.245
60460 1.245
60464 1.245
60469 1.245
60478 1.245
60487 1.245
60495 1.245
60504 1.245
60513 1.245
60522 1.245
60531 1.245
60549 1.245
60566 1.245
60584 1.245
60602 1.245
60637 1.245
60673 1.245
60743 1.245
60843 1.246
60943 1.247
61042 1.247
61142 1.247
61241 1.247
61341 1.247
61440 1.247
61540 1.247
61541 1.247
61542 1.247
61543 1.247
61544 1.247
61545 1.247
61547 1.247
61548 1.247
61549 1.247
61550 1.247
61551 1.247
61552 1.247
61553 1.247
61555 1.247
61556 1.247
61557 1.247
61558 1.247
61559 1.247
61560 1.247
61561 1.247
61562 1.247
61564 1.247
61565 1.247
61566 1.247
61567 1.247
61568 1.247
61569 1.247
61570 1.247
61571 1.247
61573 1.247
61574 1.247
61575 1.247
61576 1.247
61577 1.247
61578 1.247
61579 1.247
61580 1.247
61582 1.247
61583 1.247
61584 1.247
61585 1.247
61586 1.247
61587 1.247
61588 1.247
61589 1.247
61591 1.247
61592 1.247
61593 1.247
61594 1.247
61595 1.247
61596 1.247
61597 1.247
61598 1.247
61600 1.247
61601 1.247
61603 1.247
61605 1.247
61607 1.247
61610 1.247
61612 1.247
61614 1.247
61616 1.247
61619 1.247
61621 1.247
61623 1.247
61625 1.247
61628 1.247
61630 1.247
61632 1.247
61634 1.247
61636 1.247
61639 1.247
61641 1.247
61643 1.247
61645 1.247
61648 1.247
61650 1.247
61652 1.247
61654 1.247
61657 1.247
61659 1.247
61661 1.247
61663 1.247
61668 1.247
61672 1.247
61677 1.247
61681 1.247
61685 1.247
61690 1.247
61694 1.247
61699 1.247
61703 1.247
61708 1.247
61712 1.247
61717 1.247
61721 1.247
61725 1.247
61734 1.247
61743 1.247
61752 1.247
61761 1.247
61770 1.247
61779 1.247
61788 1.247
61805 1.247
61823 1.247
61841 1.247
61858 1.247
61894 1.247
61929 1.247
62000 1.248
62100 1.248
62199 1.248
62299 1.248
62398 1.248
62498 1.248
62597 1.248
62697 1.248
62796 1.248
62896 1.248
62996 1.249
63095 1.249
63195 1.250
63294 1.250
63394 1.250
63493 1.250
63593 1.250
63692 1.250
63792 1.250
63892 1.250
63991 1.250
64091 1.250
64190 1.250
64290 1.250
64389 1.251
64489 1.252
64588 1.252
64688 1.252
64788 1.252
64887 1.252
64987 1.252
65086 1.252
65186 1.252
65285 1.252
65385 1.252
65484 1.252
65584 1.252
65684 1.252
65783 1.253
65883 1.253
65982 1.253
66082 1.253
66181 1.253
66281 1.253
66380 1.253
66480 1.253
66580 1.253
66679 1.253
66779 1.253
66878 1.253
66978 1.253
67077 1.253
67177 1.253
67276 1.253
67376 1.254
67475 1.255
67575 1.255
67675 1.255
67774 1.255
67874 1.255
