# Este conjunto de dados, denominado CargaPilhasAA, é composto por vários arquivos com dados de descarga e de recuperação de pilhas AA de diversos fabricantes. Estes dados são distribuídos sob licença Creative Commons Attribution 4.0 (CC-BY). <http://creativecommons.org/licenses/by/4.0/>
# This dataset, named CargaPilhasAA, is composed of several files with discharge and recovery of AA batteries from several manufacturers. This dataset is licensed under a Creative Commons Attribution 4.0 International License (CC-BY). <http://creativecommons.org/licenses/by/4.0/>
# Galileu H. Oliveira, Rio de Janeiro, Brasil. Jan/2023.
# Fabricante: GREEN
# Tipo: comum
# Exemplar: 2
# Processo: descarga
# Corrente: 50 mA
# tempo (segundos)  tensão (volts)
Time G2
0 1.567
2 1.527
3 1.488
4 1.489
5 1.489
6 1.489
7 1.489
8 1.489
9 1.489
11 1.489
12 1.489
13 1.489
14 1.489
15 1.488
16 1.488
17 1.488
18 1.488
20 1.488
21 1.486
22 1.486
23 1.486
24 1.486
25 1.486
26 1.486
27 1.486
29 1.485
30 1.485
31 1.484
32 1.484
34 1.484
36 1.484
39 1.483
41 1.483
43 1.483
45 1.481
48 1.481
50 1.481
52 1.480
54 1.479
56 1.479
59 1.479
61 1.479
63 1.478
65 1.478
68 1.478
70 1.478
72 1.476
74 1.476
77 1.476
79 1.476
81 1.475
83 1.474
85 1.474
88 1.474
90 1.473
92 1.473
94 1.473
99 1.473
103 1.471
108 1.471
112 1.470
117 1.469
121 1.469
125 1.468
130 1.468
134 1.467
139 1.466
143 1.466
148 1.465
152 1.464
157 1.464
165 1.463
174 1.462
183 1.461
192 1.460
201 1.459
210 1.458
219 1.457
236 1.456
254 1.454
272 1.452
289 1.450
325 1.448
360 1.445
431 1.440
531 1.434
630 1.427
730 1.421
829 1.416
929 1.411
1028 1.406
1128 1.401
1227 1.397
1327 1.393
1427 1.389
1526 1.385
1626 1.382
1725 1.378
1825 1.375
1924 1.372
2024 1.369
2123 1.366
2223 1.363
2322 1.360
2422 1.357
2522 1.355
2621 1.352
2721 1.350
2820 1.347
2920 1.345
3019 1.342
3119 1.341
3218 1.339
3318 1.338
3418 1.337
3517 1.336
3617 1.335
3716 1.335
3816 1.333
3915 1.332
4015 1.331
4114 1.330
4214 1.329
4313 1.328
4413 1.326
4513 1.325
4612 1.324
4712 1.323
4811 1.321
4911 1.320
5010 1.319
5110 1.318
5209 1.317
5309 1.315
5408 1.314
5508 1.313
5608 1.312
5707 1.310
5807 1.310
5906 1.308
6006 1.307
6105 1.307
6205 1.305
6304 1.304
6404 1.303
6504 1.302
6603 1.302
6703 1.301
6802 1.300
6902 1.298
7001 1.298
7101 1.297
7200 1.296
7300 1.295
7399 1.294
7499 1.293
7599 1.293
7698 1.292
7798 1.291
7897 1.290
7997 1.290
8096 1.289
8196 1.288
8295 1.287
8395 1.287
8494 1.287
8594 1.285
8694 1.285
8793 1.284
8893 1.283
8992 1.283
9092 1.282
9191 1.282
9291 1.281
9390 1.280
9490 1.280
9589 1.278
9689 1.278
9789 1.277
9888 1.277
9988 1.276
10087 1.275
10187 1.275
10286 1.273
10386 1.273
10485 1.272
10585 1.272
10685 1.271
10784 1.270
10884 1.270
10983 1.269
11083 1.268
11182 1.267
11282 1.267
11381 1.267
11481 1.265
11580 1.265
11680 1.265
11780 1.264
11879 1.263
11979 1.263
12078 1.263
12178 1.262
12277 1.262
12377 1.261
12476 1.260
12576 1.260
12676 1.260
12775 1.258
12875 1.258
12974 1.258
13074 1.257
13173 1.257
13273 1.257
13372 1.256
13472 1.255
13572 1.255
13671 1.255
13771 1.254
13870 1.253
13970 1.253
14069 1.252
14169 1.252
14268 1.252
14368 1.250
14467 1.250
14567 1.250
14667 1.249
14766 1.248
14866 1.248
14965 1.247
15065 1.247
15164 1.246
15264 1.245
15363 1.245
15463 1.244
15563 1.243
15662 1.243
15762 1.243
15861 1.242
15961 1.242
16060 1.241
16160 1.240
16259 1.240
16359 1.239
16458 1.238
16558 1.238
16658 1.237
16757 1.237
16857 1.237
16956 1.235
17056 1.235
17155 1.234
17255 1.233
17354 1.233
17454 1.232
17554 1.232
17653 1.231
17753 1.230
17852 1.230
17952 1.229
18051 1.229
18151 1.228
18250 1.227
18350 1.227
18450 1.226
18549 1.225
18649 1.225
18748 1.224
18848 1.224
18947 1.223
19047 1.222
19146 1.222
19246 1.221
19345 1.220
19445 1.220
19545 1.219
19644 1.219
19744 1.217
19843 1.217
19943 1.217
20042 1.215
20142 1.215
20241 1.214
20341 1.214
20441 1.213
20540 1.212
20640 1.212
20739 1.211
20839 1.210
20938 1.210
21038 1.209
21137 1.209
21237 1.207
21336 1.207
21436 1.206
21536 1.205
21635 1.204
21735 1.204
21834 1.203
21934 1.202
22033 1.202
22133 1.200
22232 1.200
22332 1.199
22431 1.199
22531 1.197
22631 1.197
22730 1.195
22830 1.195
22929 1.194
23029 1.194
23128 1.193
23228 1.192
23327 1.191
23427 1.190
23527 1.189
23626 1.188
23726 1.187
23825 1.186
23925 1.185
24024 1.185
24124 1.184
24223 1.183
24323 1.182
24422 1.181
24522 1.180
24622 1.179
24721 1.177
24821 1.176
24920 1.175
25020 1.174
25119 1.174
25219 1.172
25318 1.172
25418 1.170
25518 1.170
25617 1.169
25717 1.167
25816 1.166
25916 1.165
26015 1.164
26115 1.163
26215 1.162
26314 1.160
26414 1.159
26513 1.159
26613 1.157
26712 1.156
26812 1.155
26911 1.154
27011 1.153
27111 1.152
27210 1.151
27310 1.150
27409 1.149
27509 1.148
27608 1.147
27708 1.146
27807 1.145
27907 1.144
28007 1.142
28106 1.142
28206 1.141
28305 1.139
28405 1.138
28504 1.137
28604 1.136
28703 1.134
28803 1.133
28902 1.132
29002 1.130
29102 1.129
29201 1.128
29301 1.126
29400 1.125
29500 1.123
29599 1.122
29699 1.121
29798 1.119
29898 1.118
29998 1.116
30097 1.115
30197 1.113
30296 1.112
30396 1.111
30495 1.109
30595 1.107
30694 1.106
30794 1.104
30893 1.103
30993 1.101
31093 1.100
31192 1.098
31292 1.096
31391 1.095
31491 1.093
31590 1.091
31690 1.089
31789 1.088
31889 1.086
31989 1.084
32088 1.082
32188 1.081
32287 1.079
32387 1.077
32486 1.075
32586 1.073
32685 1.071
32785 1.070
32884 1.068
32984 1.066
33084 1.064
33183 1.062
33283 1.060
33382 1.058
33482 1.056
33581 1.054
33681 1.051
33780 1.049
33880 1.047
33980 1.045
34079 1.043
34179 1.041
34278 1.038
34378 1.036
34477 1.034
34577 1.032
34676 1.029
34776 1.027
34875 1.024
34975 1.021
35075 1.018
35174 1.016
35274 1.014
35373 1.011
35473 1.009
35572 1.007
35672 1.004
35771 1.002
35871 1.000
35971 0.997
36070 0.995
36170 0.992
36269 0.990
36369 0.987
36468 0.985
36568 0.982
36667 0.980
36767 0.977
36866 0.975
36966 0.972
37066 0.969
37165 0.967
37265 0.964
37364 0.961
37464 0.959
37563 0.956
37663 0.953
37762 0.950
37862 0.948
37961 0.945
38061 0.942
38161 0.939
38260 0.936
38360 0.933
38459 0.930
38559 0.927
38658 0.924
38758 0.921
38857 0.918
38957 0.914
39057 0.911
39156 0.908
39256 0.904
39355 0.901
39455 0.897
39554 0.894
39654 0.890
39753 0.887
39853 0.883
39952 0.879
40052 0.875
40152 0.871
40251 0.867
40351 0.863
40450 0.859
40550 0.855
40649 0.850
40749 0.846
40848 0.841
40948 0.836
41048 0.831
41147 0.826
41247 0.821
41346 0.816
41446 0.811
41545 0.805
41645 0.799
41744 0.793
41844 0.787
41943 0.781
42043 0.774
42143 0.768
42242 0.761
42342 0.753
42441 0.746
42541 0.737
42640 0.728
42740 0.717
42839 0.706
42939 0.694
