# Este conjunto de dados, denominado CargaPilhasAA, é composto por vários arquivos com dados de descarga e de recuperação de pilhas AA de diversos fabricantes. Estes dados são distribuídos sob licença Creative Commons Attribution 4.0 (CC-BY). <http://creativecommons.org/licenses/by/4.0/>
# This dataset, named CargaPilhasAA, is composed of several files with discharge and recovery of AA batteries from several manufacturers. This dataset is licensed under a Creative Commons Attribution 4.0 International License (CC-BY). <http://creativecommons.org/licenses/by/4.0/>
# Galileu H. Oliveira, Rio de Janeiro, Brasil. Jan/2023.
# Fabricante: PANASONIC
# Tipo: comum
# Exemplar: 1
# Processo: recuperação
# Corrente: 0 mA
# tempo (segundos)  tensão (volts)
Time  P1
61245 0.700
61246 0.794
61248 0.808
61249 0.821
61250 0.830
61251 0.838
61252 0.847
61253 0.853
61254 0.860
61256 0.866
61257 0.871
61258 0.876
61259 0.879
61260 0.884
61261 0.887
61262 0.891
61263 0.894
61265 0.897
61266 0.901
61267 0.903
61268 0.906
61269 0.907
61270 0.911
61271 0.912
61272 0.915
61274 0.916
61275 0.918
61276 0.920
61277 0.921
61278 0.923
61279 0.925
61280 0.926
61282 0.928
61283 0.929
61284 0.930
61285 0.931
61286 0.933
61287 0.934
61288 0.935
61289 0.936
61291 0.937
61292 0.938
61293 0.940
61294 0.940
61295 0.941
61296 0.942
61297 0.943
61298 0.944
61300 0.945
61301 0.945
61302 0.946
61303 0.947
61304 0.948
61305 0.948
61306 0.950
61308 0.950
61309 0.950
61310 0.951
61311 0.951
61312 0.953
61313 0.953
61314 0.954
61315 0.955
61317 0.955
61318 0.956
61319 0.956
61320 0.956
61321 0.958
61322 0.958
61323 0.958
61324 0.959
61326 0.960
61327 0.960
61328 0.960
61329 0.961
61330 0.961
61331 0.961
61332 0.963
61334 0.963
61335 0.963
61336 0.964
61337 0.965
61338 0.965
61339 0.965
61340 0.966
61341 0.966
61343 0.966
61344 0.967
61345 0.967
61346 0.968
61347 0.968
61348 0.968
61349 0.970
61350 0.970
61352 0.970
61353 0.970
61354 0.970
61355 0.971
61356 0.971
61357 0.971
61358 0.971
61360 0.973
61361 0.973
61362 0.973
61363 0.973
61364 0.973
61365 0.975
61366 0.975
61367 0.975
61369 0.975
61370 0.976
61371 0.976
61372 0.976
61373 0.976
61374 0.976
61375 0.977
61376 0.977
61378 0.978
61379 0.978
61380 0.978
61381 0.979
61382 0.979
61383 0.979
61384 0.979
61386 0.979
61387 0.979
61388 0.979
61389 0.981
61390 0.981
61391 0.981
61392 0.981
61393 0.981
61395 0.983
61396 0.983
61397 0.983
61398 0.983
61399 0.983
61400 0.983
61401 0.984
61402 0.984
61404 0.984
61405 0.984
61406 0.984
61407 0.984
61408 0.984
61409 0.984
61410 0.986
61412 0.986
61413 0.986
61414 0.986
61415 0.986
61416 0.986
61417 0.988
61418 0.988
61419 0.988
61421 0.988
61422 0.988
61423 0.988
61424 0.989
61425 0.989
61426 0.989
61427 0.989
61429 0.989
61430 0.989
61431 0.989
61432 0.991
61433 0.991
61434 0.991
61435 0.991
61436 0.991
61438 0.991
61439 0.991
61440 0.993
61441 0.993
61442 0.993
61443 0.993
61444 0.993
61445 0.993
61447 0.993
61448 0.994
61449 0.994
61450 0.994
61451 0.994
61452 0.994
61453 0.994
61454 0.994
61456 0.995
61457 0.996
61458 0.996
61459 0.996
61460 0.996
61461 0.996
61462 0.996
61464 0.996
61465 0.997
61466 0.998
61467 0.998
61468 0.998
61469 0.998
61470 0.998
61471 0.998
61473 0.998
61474 0.998
61475 0.999
61476 0.999
61477 0.999
61478 0.999
61479 0.999
61481 0.999
61482 0.999
61483 1.000
61484 1.001
61485 1.001
61486 1.001
61487 1.001
61488 1.001
61490 1.001
61491 1.001
61492 1.001
61493 1.002
61494 1.002
61495 1.003
61496 1.003
61497 1.003
61499 1.003
61500 1.003
61501 1.003
61502 1.004
61503 1.004
61504 1.004
61505 1.004
61507 1.004
61508 1.004
61509 1.004
61510 1.004
61511 1.004
61512 1.004
61513 1.006
61514 1.006
61516 1.006
61517 1.006
61518 1.006
61519 1.006
61520 1.006
61521 1.006
61522 1.006
61523 1.007
61525 1.008
61526 1.008
61527 1.008
61528 1.008
61529 1.008
61530 1.008
61531 1.008
61533 1.008
61534 1.009
61535 1.009
61536 1.009
61537 1.009
61538 1.009
61539 1.009
61540 1.009
61542 1.009
61543 1.009
61544 1.009
61545 1.009
61546 1.010
61547 1.011
61548 1.011
61549 1.011
61551 1.011
61552 1.011
61553 1.011
61554 1.011
61555 1.011
61556 1.013
61557 1.013
61559 1.013
61560 1.013
61561 1.013
61562 1.013
61563 1.013
61564 1.013
61565 1.013
61566 1.013
61568 1.013
61569 1.014
61570 1.014
61571 1.014
61572 1.014
61573 1.014
61574 1.014
61575 1.014
61577 1.014
61578 1.014
61579 1.014
61580 1.015
61581 1.016
61582 1.016
61583 1.016
61585 1.016
61586 1.016
61587 1.016
61588 1.016
61589 1.016
61590 1.016
61591 1.016
61592 1.018
61594 1.018
61595 1.018
61596 1.018
61597 1.018
61598 1.018
61599 1.018
61600 1.018
61602 1.018
61603 1.018
61604 1.019
61605 1.019
61606 1.019
61607 1.019
61608 1.019
61610 1.019
61611 1.019
61612 1.019
61613 1.019
61614 1.019
61615 1.019
61616 1.020
61617 1.019
61619 1.021
61620 1.021
61621 1.021
61622 1.021
61623 1.021
61624 1.021
61625 1.021
61626 1.021
61628 1.021
61629 1.021
61630 1.022
61631 1.022
61632 1.023
61633 1.023
61634 1.023
61636 1.023
61637 1.023
61638 1.023
61639 1.023
61640 1.023
61641 1.023
61642 1.023
61643 1.023
61645 1.023
61646 1.024
61647 1.024
61648 1.024
61649 1.024
61650 1.024
61651 1.024
61653 1.024
61654 1.024
61655 1.024
61656 1.025
61657 1.024
61658 1.026
61659 1.026
61660 1.026
61662 1.026
61663 1.026
61664 1.026
61665 1.026
61666 1.026
61667 1.026
61668 1.026
61669 1.026
61671 1.027
61672 1.026
61673 1.028
61674 1.028
61675 1.028
61676 1.028
61677 1.028
61679 1.028
61680 1.028
61681 1.028
61682 1.028
61683 1.028
61684 1.028
61685 1.028
61686 1.029
61688 1.029
61689 1.029
61690 1.029
61691 1.029
61692 1.029
61693 1.029
61694 1.029
61695 1.029
61697 1.029
61698 1.029
61699 1.029
61700 1.030
61701 1.030
61702 1.030
61703 1.031
61705 1.031
61706 1.031
61707 1.031
61708 1.031
61709 1.031
61710 1.031
61711 1.031
61712 1.031
61714 1.031
61715 1.032
61716 1.032
61717 1.033
61718 1.033
61719 1.033
61720 1.033
61721 1.033
61723 1.033
61724 1.033
61725 1.033
61726 1.033
61727 1.033
61728 1.033
61729 1.033
61731 1.033
61732 1.034
61733 1.034
61734 1.034
61735 1.034
61736 1.034
61737 1.034
61738 1.034
61740 1.034
61741 1.034
61742 1.034
61743 1.034
61744 1.034
61745 1.034
61746 1.034
61747 1.035
61749 1.036
61750 1.036
61751 1.036
61752 1.036
61753 1.036
61754 1.036
61755 1.036
61757 1.036
61758 1.036
61759 1.036
61760 1.036
61761 1.037
61762 1.037
61763 1.037
61764 1.037
61766 1.038
61767 1.038
61768 1.038
61769 1.038
61770 1.038
61771 1.038
61772 1.038
61773 1.038
61775 1.038
61776 1.038
61777 1.038
61778 1.038
61779 1.039
61780 1.039
61781 1.039
61783 1.039
61784 1.039
61785 1.039
61786 1.039
61787 1.039
61788 1.039
61789 1.039
61790 1.039
61792 1.039
61793 1.039
61794 1.039
61795 1.041
61796 1.041
61797 1.041
61798 1.041
61799 1.041
61801 1.041
61802 1.041
61803 1.041
61804 1.041
61805 1.041
61806 1.041
61807 1.041
61809 1.041
61810 1.041
61811 1.041
61812 1.043
61813 1.043
61814 1.043
61815 1.043
61816 1.043
61818 1.043
61819 1.043
61820 1.043
61821 1.043
61822 1.043
61823 1.043
61824 1.043
61826 1.043
61827 1.043
61828 1.043
61829 1.044
61830 1.044
61831 1.044
61832 1.044
61833 1.044
61835 1.044
61836 1.044
61837 1.044
61838 1.044
61839 1.044
61840 1.044
61841 1.044
61842 1.044
61844 1.044
61845 1.045
61846 1.046
61847 1.046
61848 1.046
61849 1.046
61850 1.046
61852 1.046
61853 1.046
61854 1.046
61855 1.046
61856 1.046
61857 1.046
61858 1.047
61859 1.046
61861 1.046
61862 1.047
61863 1.047
61864 1.048
61865 1.048
61866 1.048
61867 1.048
61868 1.048
61870 1.048
61871 1.048
61872 1.048
61873 1.048
61874 1.048
61875 1.048
61876 1.048
61878 1.048
61879 1.048
61880 1.048
61881 1.048
61882 1.049
61883 1.049
61884 1.049
61885 1.049
61887 1.049
61888 1.049
61889 1.049
61890 1.049
61891 1.049
61892 1.049
61893 1.049
61894 1.049
61896 1.049
61897 1.049
61898 1.049
61899 1.049
61900 1.050
61901 1.049
61902 1.051
61904 1.051
61905 1.051
61906 1.051
61907 1.051
61908 1.051
61909 1.051
61910 1.051
61911 1.051
61913 1.051
61914 1.051
61915 1.051
61916 1.051
61917 1.051
61918 1.051
61919 1.052
61920 1.052
61922 1.053
61923 1.053
61924 1.053
61925 1.053
61926 1.053
61927 1.053
61928 1.053
61930 1.053
61931 1.053
61932 1.053
61933 1.053
61934 1.053
61935 1.053
61936 1.053
61937 1.053
61939 1.053
61940 1.054
61941 1.053
61942 1.054
61943 1.054
61944 1.054
61945 1.054
61946 1.054
61948 1.054
61949 1.054
61950 1.054
61951 1.054
61952 1.054
61953 1.054
61954 1.054
61956 1.054
61957 1.055
61958 1.055
61959 1.056
61960 1.056
61961 1.056
61962 1.056
61963 1.055
61965 1.056
61966 1.056
61967 1.056
61968 1.056
61969 1.056
61970 1.056
61971 1.056
61972 1.056
61974 1.056
61975 1.056
61976 1.056
61977 1.057
61978 1.057
61979 1.058
61980 1.058
61982 1.058
61983 1.058
61984 1.058
61985 1.058
61986 1.058
61987 1.058
61988 1.058
61989 1.058
61991 1.058
61992 1.058
61993 1.058
61994 1.058
61995 1.058
61996 1.058
61997 1.059
61998 1.058
62000 1.058
62001 1.059
62002 1.059
62003 1.059
62004 1.059
62005 1.059
62006 1.059
62008 1.059
62009 1.059
62010 1.059
62011 1.059
62012 1.059
62013 1.059
62014 1.059
62015 1.059
62017 1.059
62018 1.059
62019 1.060
62020 1.061
62021 1.061
62022 1.061
62023 1.061
62024 1.061
62026 1.061
62027 1.061
62028 1.061
62029 1.061
62030 1.061
62031 1.061
62032 1.061
62034 1.061
62035 1.062
62036 1.062
62037 1.063
62038 1.062
62039 1.063
62040 1.062
62041 1.063
62043 1.063
62044 1.063
62045 1.063
62046 1.063
62047 1.063
62048 1.063
62049 1.063
62050 1.063
62052 1.063
62053 1.063
62054 1.063
62055 1.063
62056 1.063
62057 1.063
62058 1.063
62060 1.063
62061 1.064
62062 1.063
62063 1.064
62064 1.063
62065 1.064
62066 1.064
62067 1.064
62069 1.064
62070 1.064
62071 1.064
62072 1.064
62073 1.064
62074 1.064
62075 1.064
62077 1.064
62078 1.064
62079 1.064
62080 1.064
62081 1.064
62082 1.065
62083 1.065
62084 1.066
62086 1.066
62087 1.066
62088 1.066
62089 1.066
62090 1.066
62091 1.066
62092 1.066
62093 1.066
62095 1.066
62096 1.066
62097 1.066
62098 1.066
62099 1.066
62100 1.066
62101 1.066
62103 1.067
62104 1.067
62105 1.067
62106 1.066
62107 1.067
62108 1.067
62109 1.067
62110 1.067
62112 1.067
62113 1.067
62114 1.067
62115 1.067
62116 1.067
62117 1.067
62118 1.067
62119 1.067
62121 1.067
62122 1.067
62123 1.067
62124 1.067
62125 1.067
62126 1.068
62127 1.067
62129 1.069
62130 1.068
62131 1.069
62132 1.069
62133 1.069
62134 1.069
62135 1.069
62136 1.069
62138 1.069
62139 1.069
62140 1.069
62141 1.069
62142 1.069
62143 1.069
62144 1.069
62146 1.069
62147 1.069
62148 1.069
62149 1.069
62150 1.070
62151 1.071
62152 1.070
62154 1.071
62155 1.071
62156 1.071
62157 1.071
62158 1.071
62159 1.071
62160 1.071
62161 1.071
62163 1.071
62164 1.071
62165 1.071
62166 1.071
62167 1.071
62168 1.071
62169 1.071
62170 1.071
62172 1.072
62173 1.071
62174 1.072
62175 1.072
62176 1.072
62177 1.072
62178 1.072
62180 1.072
62181 1.072
62182 1.072
62183 1.072
62184 1.072
62185 1.072
62186 1.072
62187 1.072
62189 1.072
62190 1.072
62191 1.072
62192 1.072
62193 1.072
62194 1.072
62195 1.073
62196 1.073
62198 1.073
62199 1.074
62200 1.074
62201 1.074
62202 1.074
62203 1.074
62204 1.074
62206 1.074
62207 1.074
62208 1.074
62209 1.074
62210 1.074
62211 1.074
62212 1.074
62213 1.074
62215 1.074
62216 1.074
62217 1.074
62218 1.074
62219 1.075
62220 1.074
62221 1.075
62223 1.076
62224 1.076
62225 1.076
62226 1.076
62227 1.076
62228 1.076
62229 1.076
62230 1.076
62232 1.076
62233 1.076
62234 1.076
62235 1.076
62236 1.076
62237 1.076
62238 1.076
62239 1.076
62241 1.076
62242 1.076
62243 1.076
62244 1.076
62245 1.076
62246 1.077
62247 1.077
62249 1.076
62250 1.077
62251 1.077
62252 1.077
62253 1.077
62254 1.077
62255 1.077
62256 1.077
62258 1.077
62259 1.077
62260 1.077
62261 1.077
62262 1.077
62263 1.077
62264 1.077
62265 1.077
62267 1.077
62268 1.077
62269 1.077
62270 1.077
62271 1.078
62272 1.079
62273 1.079
62275 1.079
62276 1.079
62277 1.079
62278 1.079
62279 1.079
62280 1.079
62281 1.079
62282 1.079
62284 1.079
62285 1.079
62286 1.079
62287 1.079
62288 1.079
62289 1.079
62290 1.079
62291 1.079
62293 1.079
62294 1.079
62295 1.079
62296 1.081
62297 1.080
62298 1.081
62299 1.081
62301 1.081
62302 1.081
62303 1.081
62304 1.081
62305 1.081
62306 1.081
62307 1.081
62308 1.081
62310 1.081
62311 1.081
62312 1.081
62313 1.081
62314 1.081
62315 1.081
62316 1.081
62317 1.081
62319 1.081
62320 1.081
62321 1.082
62322 1.082
62323 1.082
62324 1.082
62325 1.082
62327 1.082
62328 1.082
62329 1.082
62330 1.082
62331 1.082
62332 1.082
62333 1.082
62334 1.082
62336 1.082
62337 1.082
62338 1.082
62339 1.082
62340 1.082
62341 1.082
62342 1.082
62343 1.082
62345 1.082
62346 1.082
62347 1.082
62348 1.082
62349 1.083
62350 1.082
62351 1.084
62353 1.083
62354 1.084
62355 1.084
62356 1.084
62357 1.084
62358 1.084
62359 1.084
62360 1.084
62362 1.084
62363 1.084
62364 1.084
62365 1.084
62366 1.084
62367 1.084
62368 1.084
62369 1.084
62371 1.084
62372 1.084
62373 1.084
62374 1.084
62375 1.084
62376 1.084
62377 1.085
62379 1.086
62380 1.086
62381 1.086
62382 1.086
62383 1.086
62384 1.086
62385 1.086
62386 1.086
62388 1.086
62389 1.086
62390 1.086
62391 1.086
62392 1.086
62393 1.086
62394 1.086
62395 1.086
62397 1.086
62398 1.086
62399 1.086
62400 1.086
62401 1.086
62402 1.086
62403 1.087
62405 1.087
62406 1.087
62407 1.087
62408 1.087
62409 1.087
62410 1.087
62411 1.087
62412 1.087
62414 1.087
62415 1.087
62416 1.087
62417 1.087
62418 1.087
62419 1.087
62420 1.087
62422 1.087
62423 1.087
62424 1.087
62425 1.087
62426 1.087
62427 1.087
62428 1.087
62429 1.088
62431 1.087
62432 1.088
62433 1.089
62434 1.089
62435 1.089
62436 1.089
62437 1.089
62438 1.089
62440 1.089
62441 1.089
62442 1.089
62443 1.089
62444 1.089
62445 1.089
62446 1.089
62448 1.089
62449 1.089
62450 1.089
62451 1.089
62452 1.089
62453 1.089
62454 1.089
62455 1.090
62457 1.089
62458 1.089
62459 1.089
62460 1.089
62461 1.090
62462 1.090
62463 1.091
62464 1.091
62466 1.091
62467 1.091
62468 1.091
62469 1.091
62470 1.091
62471 1.091
62472 1.091
62474 1.091
62475 1.091
62476 1.091
62477 1.091
62478 1.091
62479 1.091
62480 1.091
62481 1.091
62483 1.091
62484 1.091
62485 1.091
62486 1.091
62487 1.091
62488 1.092
62489 1.091
62490 1.092
62492 1.092
62493 1.092
62494 1.092
62495 1.092
62496 1.092
62497 1.092
62498 1.092
62500 1.092
62501 1.092
62502 1.092
62503 1.092
62504 1.092
62505 1.092
62506 1.092
62507 1.092
62509 1.092
62510 1.092
62511 1.092
62512 1.092
62513 1.093
62514 1.092
62515 1.092
62516 1.092
62518 1.092
62519 1.093
62520 1.092
62521 1.093
62522 1.094
62523 1.094
62524 1.094
62526 1.094
62527 1.094
62528 1.094
62529 1.094
62530 1.094
62531 1.094
62532 1.094
62533 1.094
62535 1.094
62536 1.094
62537 1.094
62538 1.094
62539 1.094
62540 1.094
62541 1.094
62542 1.094
62544 1.094
62545 1.094
62546 1.094
62547 1.094
62548 1.095
62549 1.094
62550 1.096
62552 1.096
62553 1.096
62554 1.096
62555 1.096
62556 1.096
62557 1.096
62558 1.096
62559 1.096
62561 1.096
62562 1.096
62563 1.096
62564 1.096
62565 1.096
62566 1.096
62567 1.096
62568 1.096
62570 1.096
62571 1.096
62572 1.096
62573 1.096
62574 1.096
62575 1.096
62576 1.096
62578 1.096
62579 1.096
62580 1.097
62581 1.097
62582 1.097
62583 1.097
62584 1.097
62585 1.097
62587 1.097
62588 1.097
62589 1.097
62590 1.097
62591 1.097
62592 1.097
62593 1.097
62594 1.097
62596 1.097
62597 1.097
62598 1.097
62599 1.097
62600 1.097
62601 1.097
62602 1.097
62604 1.097
62605 1.097
62606 1.097
62607 1.097
62608 1.097
62609 1.099
62610 1.097
62611 1.098
62613 1.099
62614 1.099
62615 1.099
62616 1.099
62617 1.099
62618 1.099
62619 1.099
62620 1.099
62622 1.099
62623 1.099
62624 1.099
62625 1.099
62626 1.099
62627 1.099
62628 1.099
62630 1.099
62631 1.099
62632 1.099
62633 1.099
62634 1.099
62635 1.099
62636 1.099
62637 1.099
62639 1.099
62640 1.100
62641 1.099
62642 1.100
62643 1.100
62644 1.100
62645 1.100
62646 1.101
62648 1.101
62649 1.101
62650 1.101
62651 1.101
62652 1.101
62653 1.101
62654 1.101
62656 1.101
62657 1.101
62658 1.101
62659 1.101
62660 1.101
62661 1.101
62662 1.101
62663 1.101
62665 1.101
62666 1.101
62667 1.101
62668 1.101
62669 1.101
62670 1.101
62671 1.101
62673 1.101
62674 1.102
62675 1.101
62676 1.102
62677 1.102
62678 1.102
62679 1.102
62680 1.102
62682 1.102
62683 1.102
62684 1.102
62685 1.102
62686 1.102
62687 1.102
62688 1.102
62689 1.102
62691 1.102
62692 1.102
62693 1.102
62694 1.102
62695 1.102
62696 1.102
62698 1.102
62699 1.102
62700 1.102
62701 1.102
62702 1.102
62703 1.102
62704 1.102
62705 1.102
62707 1.102
62708 1.103
62709 1.104
62710 1.104
62711 1.104
62712 1.104
62713 1.104
62714 1.104
62716 1.104
62717 1.104
62718 1.104
62719 1.104
62720 1.104
62721 1.104
62722 1.104
62724 1.104
62725 1.104
62726 1.104
62727 1.104
62728 1.104
62729 1.105
62730 1.104
62731 1.104
62733 1.104
62734 1.104
62735 1.104
62736 1.104
62737 1.104
62738 1.104
62739 1.105
62740 1.105
62742 1.105
62743 1.106
62744 1.106
62745 1.106
62746 1.106
62747 1.106
62748 1.106
62750 1.106
62751 1.106
62752 1.106
62753 1.106
62754 1.106
62755 1.106
62756 1.106
62757 1.106
62759 1.106
62760 1.106
62761 1.106
62762 1.106
62763 1.106
62764 1.106
62765 1.106
62766 1.106
62768 1.106
62769 1.106
62770 1.106
62771 1.106
62772 1.107
62773 1.106
62774 1.107
62776 1.107
62777 1.107
62778 1.107
62779 1.107
62780 1.107
62781 1.107
62782 1.107
62783 1.107
62785 1.107
62786 1.107
62787 1.107
62788 1.107
62789 1.107
62790 1.107
62791 1.107
62792 1.107
62794 1.107
62795 1.107
62796 1.107
62797 1.107
62798 1.107
62799 1.107
62800 1.107
62802 1.107
62803 1.107
62804 1.107
62805 1.107
62806 1.108
62807 1.108
62808 1.109
62809 1.109
62811 1.109
62812 1.109
62813 1.109
62814 1.109
62815 1.109
62816 1.109
62817 1.109
62819 1.109
62820 1.109
62821 1.109
62822 1.109
62823 1.109
62824 1.109
62825 1.109
62826 1.109
62828 1.109
62829 1.109
62830 1.109
62831 1.108
62832 1.109
62833 1.109
62834 1.109
62835 1.109
62837 1.109
62838 1.109
62839 1.109
62840 1.109
62841 1.110
62842 1.109
62843 1.111
62845 1.111
62846 1.111
62847 1.111
62848 1.111
62849 1.111
62850 1.111
62851 1.111
62852 1.111
62854 1.111
62855 1.111
62856 1.111
62857 1.111
62858 1.111
62859 1.111
62860 1.111
62861 1.111
62863 1.111
62864 1.111
62865 1.111
62866 1.111
62867 1.111
62868 1.111
62869 1.111
62871 1.111
62872 1.111
62873 1.111
62874 1.111
62875 1.111
62876 1.112
62877 1.111
62878 1.112
62880 1.112
62881 1.112
62882 1.112
62883 1.112
62884 1.112
62885 1.112
62886 1.112
62887 1.112
62889 1.112
62890 1.112
62891 1.112
62892 1.112
62893 1.112
62894 1.112
62895 1.112
62897 1.112
62898 1.112
62899 1.112
62900 1.112
62901 1.112
62902 1.112
62903 1.112
62904 1.112
62906 1.112
62907 1.113
62908 1.112
62909 1.112
62910 1.112
62911 1.112
62912 1.113
62913 1.113
62915 1.113
62916 1.114
62917 1.114
62918 1.113
62919 1.114
62920 1.114
62921 1.114
62923 1.114
62924 1.114
62925 1.114
62926 1.114
62927 1.114
62928 1.114
62929 1.114
62930 1.114
62932 1.114
62933 1.114
62934 1.114
62935 1.114
62936 1.114
62937 1.114
62938 1.114
62939 1.114
62941 1.114
62942 1.114
62943 1.114
62944 1.115
62945 1.114
62946 1.114
62947 1.115
62949 1.116
62950 1.115
62951 1.116
62952 1.116
62953 1.116
62954 1.116
62955 1.116
62956 1.116
62958 1.116
62959 1.116
62960 1.116
62961 1.116
62962 1.116
62963 1.116
62964 1.116
62965 1.116
62967 1.116
62968 1.116
62969 1.116
62970 1.116
62971 1.116
62972 1.116
62973 1.116
62975 1.116
62976 1.116
62977 1.116
62978 1.116
62979 1.116
62980 1.116
62981 1.116
62982 1.116
62984 1.116
62985 1.116
62986 1.116
62987 1.116
62988 1.116
62989 1.116
62990 1.117
62991 1.117
62993 1.117
62994 1.117
62995 1.117
62996 1.117
62997 1.117
62998 1.117
62999 1.117
63001 1.117
63002 1.117
63003 1.117
63004 1.117
63005 1.117
63006 1.117
63007 1.117
63008 1.117
63010 1.117
63011 1.117
63012 1.117
63013 1.117
63014 1.117
63015 1.117
63016 1.117
63018 1.117
63019 1.117
63020 1.117
63021 1.117
63022 1.117
63023 1.117
63024 1.117
63025 1.117
63027 1.117
63028 1.117
63029 1.119
63030 1.118
63031 1.119
63032 1.119
63033 1.119
63034 1.119
63036 1.119
63037 1.119
63038 1.118
63039 1.119
63040 1.119
63041 1.119
63042 1.119
63044 1.119
63045 1.119
63046 1.119
63047 1.119
63048 1.119
63049 1.119
63050 1.119
63051 1.119
63053 1.119
63054 1.119
63055 1.119
63056 1.119
63057 1.119
63058 1.119
63059 1.119
63060 1.119
63062 1.119
63063 1.119
63064 1.119
63065 1.119
63066 1.120
63067 1.119
63068 1.120
63070 1.121
63071 1.121
63072 1.121
63073 1.121
63074 1.121
63075 1.121
63076 1.121
63077 1.121
63079 1.121
63080 1.121
63081 1.120
63082 1.121
63083 1.121
63084 1.121
63085 1.121
63086 1.121
63088 1.121
63089 1.121
63090 1.121
63091 1.121
63092 1.121
63093 1.121
63094 1.121
63096 1.121
63097 1.121
63098 1.121
63099 1.121
63100 1.121
63101 1.121
63102 1.121
63103 1.121
63105 1.121
63106 1.121
63107 1.121
63108 1.121
63109 1.121
63110 1.122
63111 1.122
63112 1.122
63114 1.122
63115 1.122
63116 1.122
63117 1.122
63118 1.122
63119 1.122
63120 1.122
63122 1.122
63123 1.122
63124 1.122
63125 1.122
63126 1.122
63127 1.122
63128 1.122
63129 1.122
63131 1.122
63132 1.122
63133 1.122
63134 1.122
63135 1.122
63136 1.122
63137 1.122
63138 1.122
63140 1.122
63141 1.122
63142 1.122
63143 1.122
63144 1.122
63145 1.122
63146 1.122
63148 1.122
63149 1.123
63150 1.122
63151 1.124
63152 1.123
63153 1.124
63154 1.124
63155 1.124
63157 1.124
63158 1.124
63159 1.124
63160 1.124
63161 1.124
63162 1.124
63163 1.124
63164 1.124
63166 1.124
63167 1.124
63168 1.124
63169 1.124
63170 1.124
63171 1.124
63172 1.124
63174 1.124
63175 1.124
63176 1.124
63177 1.124
63178 1.124
63179 1.124
63180 1.124
63181 1.124
63183 1.124
63184 1.124
63185 1.124
63186 1.124
63187 1.124
63188 1.124
63189 1.124
63190 1.125
63192 1.125
63193 1.125
63194 1.125
63195 1.126
63196 1.126
63197 1.126
63198 1.126
63200 1.126
63201 1.126
63202 1.126
63203 1.126
63204 1.126
63205 1.126
63206 1.126
63207 1.126
63209 1.126
63210 1.126
63211 1.126
63212 1.126
63213 1.126
63214 1.126
63215 1.126
63217 1.126
63218 1.126
63219 1.126
63220 1.126
63221 1.126
63222 1.126
63223 1.126
63224 1.126
63226 1.126
63227 1.126
63228 1.126
63229 1.126
63230 1.126
63231 1.126
63232 1.126
63233 1.126
63235 1.126
63236 1.126
63237 1.127
63238 1.127
63239 1.127
63240 1.127
63242 1.127
63243 1.127
63244 1.127
63245 1.127
63246 1.127
63247 1.127
63248 1.127
63249 1.127
63251 1.127
63252 1.127
63253 1.127
63254 1.127
63255 1.127
63256 1.127
63257 1.127
63258 1.127
63260 1.127
63261 1.127
63262 1.127
63263 1.127
63264 1.127
63265 1.127
63266 1.127
63268 1.127
63269 1.127
63270 1.127
63271 1.127
63272 1.127
63273 1.128
63274 1.128
63275 1.127
63277 1.128
63278 1.129
63279 1.129
63280 1.129
63281 1.129
63282 1.129
63283 1.129
63284 1.129
63286 1.129
63287 1.129
63288 1.129
63289 1.129
63290 1.129
63291 1.129
63292 1.129
63294 1.129
63295 1.129
63296 1.129
63297 1.129
63298 1.129
63299 1.129
63300 1.129
63301 1.129
63303 1.129
63304 1.129
63305 1.129
63306 1.129
63307 1.129
63308 1.129
63309 1.129
63311 1.129
63312 1.129
63313 1.129
63314 1.129
63315 1.129
63316 1.129
63317 1.129
63318 1.130
63320 1.131
63321 1.131
63322 1.131
63323 1.131
63324 1.131
63325 1.130
63326 1.131
63327 1.131
63329 1.131
63330 1.131
63331 1.131
63332 1.131
63333 1.131
63334 1.131
63335 1.131
63337 1.131
63338 1.131
63339 1.131
63340 1.131
63341 1.131
63342 1.131
63343 1.131
63344 1.131
63346 1.131
63347 1.131
63348 1.131
63349 1.131
63350 1.131
63351 1.131
63352 1.131
63353 1.131
63355 1.131
63356 1.131
63357 1.131
63358 1.131
63359 1.131
63360 1.131
63361 1.131
63363 1.131
63364 1.131
63365 1.132
63366 1.132
63367 1.132
63368 1.132
63369 1.132
63370 1.132
63372 1.132
63373 1.132
63374 1.132
63375 1.132
63376 1.132
63377 1.132
63378 1.132
63379 1.132
63381 1.132
63382 1.132
63383 1.132
63384 1.132
63385 1.132
63386 1.132
63387 1.132
63389 1.132
63390 1.132
63391 1.132
63392 1.132
63393 1.132
63394 1.132
63395 1.132
63396 1.132
63398 1.132
63399 1.132
63400 1.132
63401 1.132
63402 1.132
63403 1.132
63404 1.133
63405 1.132
63407 1.132
63408 1.133
63409 1.134
63410 1.134
63411 1.133
63412 1.134
63413 1.134
63415 1.134
63416 1.134
63417 1.134
63418 1.134
63419 1.134
63420 1.134
63421 1.134
63422 1.134
63424 1.134
63425 1.134
63426 1.134
63427 1.133
63428 1.134
63429 1.134
63430 1.134
63431 1.134
63433 1.134
63434 1.134
63435 1.134
63436 1.134
63437 1.134
63438 1.134
63439 1.134
63441 1.134
63442 1.135
63443 1.134
63444 1.134
63445 1.134
63446 1.134
63447 1.134
63448 1.134
63450 1.134
63451 1.135
63452 1.134
63453 1.135
63454 1.134
63455 1.136
63456 1.136
63457 1.136
63459 1.136
63460 1.136
63461 1.136
63462 1.136
63463 1.136
63464 1.136
63465 1.136
63467 1.136
63468 1.136
63469 1.136
63470 1.136
63471 1.136
63472 1.136
63473 1.136
63474 1.136
63476 1.136
63477 1.136
63478 1.136
63479 1.136
63480 1.136
63481 1.136
63482 1.136
63484 1.136
63485 1.136
63486 1.136
63487 1.136
63488 1.136
63489 1.136
63490 1.136
63491 1.136
63493 1.136
63494 1.136
63495 1.136
63496 1.136
63497 1.136
63498 1.136
63499 1.136
63500 1.137
63502 1.136
63503 1.137
63504 1.136
63505 1.137
63506 1.137
63507 1.137
63508 1.137
63510 1.137
63511 1.137
63512 1.137
63513 1.137
63514 1.137
63515 1.136
63516 1.137
63517 1.137
63519 1.137
63520 1.137
63521 1.137
63522 1.137
63523 1.137
63524 1.137
63525 1.137
63526 1.137
63528 1.137
63529 1.137
63530 1.137
63531 1.137
63532 1.137
63533 1.137
63534 1.137
63536 1.137
63537 1.137
63538 1.137
63539 1.137
63540 1.137
63541 1.137
63542 1.137
63543 1.137
63545 1.137
63546 1.137
63547 1.137
63548 1.137
63549 1.138
63550 1.138
63551 1.139
63552 1.139
63554 1.139
63555 1.139
63556 1.139
63557 1.138
63558 1.139
63559 1.139
63560 1.139
63562 1.139
63563 1.139
63564 1.138
63565 1.139
63566 1.139
63567 1.139
63568 1.139
63569 1.139
63571 1.139
63572 1.139
63573 1.139
63574 1.139
63575 1.139
63576 1.139
63577 1.139
63578 1.139
63580 1.139
63581 1.139
63582 1.139
63583 1.139
63584 1.139
63585 1.139
63586 1.139
63588 1.139
63589 1.139
63590 1.139
63591 1.139
63592 1.139
63593 1.139
63594 1.139
63595 1.139
63597 1.140
63598 1.139
63599 1.140
63600 1.140
63601 1.141
63602 1.140
63603 1.141
63604 1.141
63606 1.141
63607 1.141
63608 1.141
63609 1.140
63610 1.141
63611 1.141
63612 1.141
63614 1.141
63615 1.141
63616 1.141
63617 1.141
63618 1.141
63619 1.141
63620 1.141
63621 1.141
63623 1.141
63624 1.141
63625 1.141
63626 1.141
63627 1.141
63628 1.141
63629 1.141
63630 1.141
63632 1.141
63633 1.141
63634 1.141
63635 1.141
63636 1.141
63637 1.141
63638 1.141
63640 1.141
63641 1.141
63642 1.141
63643 1.141
63644 1.141
63645 1.141
63646 1.141
63647 1.141
63649 1.141
63650 1.141
63651 1.142
63652 1.141
63653 1.142
63654 1.142
63655 1.142
63656 1.142
63658 1.142
63659 1.142
63660 1.142
63661 1.142
63662 1.142
63663 1.142
63664 1.142
63666 1.142
63667 1.142
63668 1.142
63669 1.142
63670 1.142
63671 1.142
63672 1.142
63673 1.142
63675 1.142
63676 1.142
63677 1.142
63678 1.142
63679 1.142
63680 1.142
63681 1.142
63683 1.142
63684 1.142
63685 1.142
63686 1.142
63687 1.142
63688 1.142
63689 1.142
63690 1.142
63692 1.142
63693 1.142
63694 1.142
63695 1.142
63696 1.142
63697 1.142
63698 1.142
63699 1.142
63701 1.143
63702 1.143
63703 1.143
63704 1.143
63705 1.143
63706 1.144
63707 1.144
63709 1.144
63710 1.144
63711 1.144
63712 1.144
63713 1.144
63714 1.144
63715 1.144
63716 1.144
63718 1.144
63719 1.144
63720 1.144
63721 1.144
63722 1.144
63723 1.144
63724 1.144
63725 1.144
63727 1.144
63728 1.144
63729 1.144
63730 1.144
63731 1.144
63732 1.144
63733 1.144
63735 1.144
63736 1.144
63737 1.144
63738 1.144
63739 1.144
63740 1.144
63741 1.144
63742 1.144
63744 1.145
63745 1.144
63746 1.144
63747 1.144
63748 1.144
63749 1.144
63750 1.145
63751 1.144
63753 1.145
63754 1.145
63755 1.144
63756 1.146
63757 1.146
63758 1.146
63759 1.146
63761 1.145
63762 1.146
63763 1.146
63764 1.146
63765 1.146
63766 1.146
63767 1.146
63768 1.146
63770 1.146
63771 1.146
63772 1.146
63773 1.146
63774 1.146
63775 1.146
63776 1.146
63777 1.146
63779 1.146
63780 1.146
63781 1.146
63782 1.146
63783 1.146
63784 1.146
63786 1.146
63787 1.146
63788 1.146
63789 1.146
63790 1.146
63791 1.146
63792 1.146
63793 1.146
63795 1.146
63796 1.146
63797 1.146
63798 1.146
63799 1.146
63800 1.146
63801 1.146
63802 1.146
63804 1.146
63805 1.146
63806 1.146
63807 1.146
63808 1.146
63809 1.146
63810 1.146
63812 1.146
63813 1.147
63814 1.147
63815 1.147
63816 1.147
63817 1.147
63818 1.147
63819 1.147
63821 1.147
63822 1.147
63823 1.147
63824 1.147
63825 1.147
63826 1.147
63827 1.147
63828 1.147
63830 1.147
63831 1.147
63832 1.147
63833 1.147
63834 1.147
63835 1.147
63836 1.147
63838 1.147
63839 1.147
63840 1.147
63841 1.147
63842 1.147
63843 1.147
63844 1.147
63845 1.147
63847 1.147
63848 1.147
63849 1.147
63850 1.147
63851 1.147
63852 1.147
63853 1.147
63854 1.147
63856 1.147
63857 1.147
63858 1.147
63859 1.148
63860 1.147
63861 1.147
63862 1.148
63864 1.147
63865 1.147
63866 1.149
63867 1.149
63868 1.148
63869 1.149
63870 1.148
63871 1.149
63873 1.149
63874 1.149
63875 1.149
63876 1.149
63877 1.149
63878 1.149
63879 1.149
63881 1.149
63882 1.149
63883 1.149
63884 1.149
63885 1.149
63886 1.149
63887 1.149
63888 1.149
63890 1.149
63891 1.149
63892 1.149
63893 1.149
63894 1.149
63895 1.149
63896 1.149
63897 1.149
63899 1.149
63900 1.149
63901 1.149
63902 1.149
63903 1.149
63904 1.149
63905 1.149
63907 1.149
63908 1.149
63909 1.149
63910 1.149
63911 1.149
63912 1.149
63913 1.150
63914 1.149
63916 1.149
63917 1.150
63918 1.150
63919 1.150
63920 1.150
63921 1.149
63922 1.150
63923 1.150
63925 1.150
63926 1.150
63927 1.150
63928 1.150
63929 1.150
63930 1.150
63931 1.150
63933 1.150
63934 1.150
63935 1.150
63936 1.150
63937 1.150
63938 1.150
63939 1.150
63940 1.150
63942 1.150
63943 1.150
63944 1.150
63945 1.150
63946 1.150
63947 1.150
63948 1.150
63949 1.150
63951 1.150
63952 1.150
63953 1.150
63954 1.150
63955 1.150
63956 1.150
63957 1.150
63959 1.150
63960 1.150
63961 1.150
63962 1.150
63963 1.150
63964 1.150
63965 1.150
63966 1.150
63968 1.150
63969 1.151
63970 1.152
63971 1.151
63972 1.151
63973 1.152
63974 1.150
63975 1.152
63977 1.152
63978 1.152
63979 1.152
63980 1.152
63981 1.152
63982 1.152
63983 1.152
63985 1.152
63986 1.152
63987 1.152
63988 1.152
63989 1.152
63990 1.152
63991 1.152
63992 1.152
63994 1.152
63995 1.152
63996 1.152
63997 1.152
63998 1.152
63999 1.152
64000 1.152
64001 1.152
64003 1.152
64004 1.152
64005 1.152
64006 1.152
64007 1.152
64008 1.152
64009 1.152
64011 1.152
64012 1.152
64013 1.152
64014 1.152
64015 1.152
64016 1.152
64017 1.152
64018 1.152
64020 1.152
64021 1.152
64022 1.152
64023 1.153
64024 1.152
64025 1.152
64026 1.152
64027 1.153
64029 1.153
64030 1.152
64031 1.153
64032 1.154
64033 1.154
64034 1.154
64035 1.154
64037 1.154
64038 1.154
64039 1.154
64040 1.154
64041 1.154
64042 1.154
64043 1.154
64044 1.154
64046 1.154
64047 1.154
64048 1.154
64049 1.154
64050 1.154
64051 1.154
64052 1.154
64053 1.154
64055 1.154
64056 1.154
64057 1.154
64058 1.154
64059 1.154
64060 1.154
64061 1.154
64063 1.154
64064 1.154
64065 1.154
64066 1.155
64067 1.154
64068 1.154
64069 1.154
64070 1.155
64072 1.154
64073 1.154
64074 1.154
64075 1.154
64076 1.154
64077 1.154
64078 1.154
64080 1.154
64081 1.154
64082 1.154
64083 1.154
64084 1.155
64085 1.155
64086 1.154
64087 1.155
64089 1.155
64090 1.155
64091 1.155
64092 1.155
64093 1.155
64094 1.155
64095 1.155
64096 1.155
64098 1.155
64099 1.155
64100 1.155
64101 1.155
64102 1.155
64103 1.155
64104 1.155
64106 1.155
64107 1.155
64108 1.155
64109 1.155
64110 1.155
64111 1.155
64112 1.155
64113 1.155
64115 1.155
64116 1.155
64117 1.155
64118 1.155
64119 1.155
64120 1.155
64121 1.155
64122 1.155
64124 1.155
64125 1.155
64126 1.155
64127 1.155
64128 1.155
64129 1.155
64130 1.155
64132 1.155
64133 1.155
64134 1.155
64135 1.155
64136 1.155
64137 1.155
64138 1.155
64139 1.156
64141 1.155
64142 1.155
64143 1.155
64144 1.156
64145 1.155
64146 1.156
64147 1.156
64148 1.156
64150 1.156
64151 1.155
64152 1.157
64153 1.157
64154 1.157
64155 1.157
64156 1.157
64158 1.157
64159 1.157
64160 1.157
64161 1.157
64162 1.157
64163 1.157
64164 1.156
64165 1.157
64167 1.157
64168 1.157
64169 1.157
64170 1.157
64171 1.157
64172 1.157
64173 1.157
64174 1.157
64176 1.157
64177 1.157
64178 1.157
64179 1.157
64180 1.157
64181 1.157
64182 1.157
64184 1.157
64185 1.157
64186 1.157
64187 1.157
64188 1.157
64189 1.157
64190 1.157
64191 1.157
64193 1.157
64194 1.157
64195 1.157
64196 1.157
64197 1.157
64198 1.157
64199 1.157
64201 1.157
64202 1.158
64203 1.157
64204 1.157
64205 1.157
64206 1.157
64207 1.157
64208 1.157
64210 1.157
64211 1.157
64212 1.157
64213 1.157
64214 1.159
64215 1.158
64216 1.159
64217 1.159
64219 1.159
64220 1.159
64221 1.159
64222 1.159
64223 1.158
64224 1.159
64225 1.159
64227 1.159
64228 1.159
64229 1.159
64230 1.159
64231 1.159
64232 1.159
64233 1.159
64234 1.159
64236 1.159
64237 1.159
64238 1.159
64239 1.159
64240 1.159
64241 1.159
64242 1.159
64243 1.159
64245 1.159
64246 1.159
64247 1.159
64248 1.159
64249 1.159
64250 1.159
64251 1.159
64253 1.159
64254 1.159
64255 1.159
64256 1.159
64257 1.159
64258 1.159
64259 1.159
64260 1.159
64262 1.159
64263 1.159
64264 1.159
64265 1.159
64266 1.159
64267 1.159
64268 1.159
64269 1.159
64271 1.159
64272 1.159
64273 1.159
64274 1.159
64275 1.159
64276 1.159
64277 1.160
64279 1.160
64280 1.160
64281 1.160
64282 1.160
64283 1.160
64284 1.160
64285 1.160
64286 1.160
64288 1.160
64289 1.160
64290 1.160
64291 1.160
64292 1.160
64293 1.160
64294 1.160
64295 1.160
64297 1.160
64298 1.160
64299 1.160
64300 1.160
64301 1.160
64302 1.160
64303 1.160
64305 1.160
64306 1.160
64307 1.160
64308 1.160
64309 1.160
64310 1.160
64311 1.160
64312 1.160
64314 1.160
64315 1.160
64316 1.160
64317 1.160
64318 1.160
64319 1.160
64320 1.160
64321 1.160
64323 1.160
64324 1.161
64325 1.160
64326 1.160
64327 1.160
64328 1.160
64330 1.160
64331 1.160
64332 1.160
64333 1.160
64334 1.160
64335 1.160
64336 1.161
64337 1.160
64339 1.161
64340 1.160
64341 1.160
64342 1.160
64343 1.161
64344 1.161
64345 1.162
64347 1.162
64348 1.162
64349 1.162
64350 1.162
64351 1.162
64352 1.162
64353 1.162
64354 1.162
64356 1.162
64357 1.162
64358 1.162
64359 1.162
64360 1.162
64361 1.162
64362 1.162
64363 1.162
64365 1.162
64366 1.162
64367 1.162
64368 1.162
64369 1.162
64370 1.162
64371 1.162
64373 1.162
64374 1.162
64375 1.162
64376 1.162
64377 1.162
64378 1.162
64379 1.162
64380 1.162
64382 1.162
64383 1.162
64384 1.162
64385 1.162
64386 1.162
64387 1.162
64388 1.162
64389 1.162
64391 1.162
64392 1.162
64393 1.162
64394 1.162
64395 1.162
64396 1.162
64397 1.162
64399 1.162
64400 1.162
64401 1.162
64402 1.162
64403 1.162
64404 1.162
64405 1.163
64406 1.163
64408 1.163
64409 1.162
64410 1.162
64411 1.164
64412 1.164
64413 1.164
64414 1.164
64415 1.164
64417 1.164
64418 1.164
64419 1.164
64420 1.164
64421 1.164
64422 1.164
64423 1.164
64425 1.164
64426 1.164
64427 1.164
64428 1.164
64429 1.164
64430 1.164
64431 1.164
64432 1.164
64434 1.164
64435 1.164
64436 1.164
64437 1.164
64438 1.164
64439 1.164
64440 1.164
64441 1.164
64443 1.164
64444 1.164
64445 1.164
64446 1.164
64447 1.164
64448 1.164
64449 1.164
64451 1.164
64452 1.164
64453 1.164
64454 1.164
64455 1.164
64456 1.164
64457 1.164
64458 1.164
64460 1.165
64461 1.164
64462 1.164
64463 1.164
64464 1.164
64465 1.164
64466 1.164
64467 1.164
64469 1.164
64470 1.164
64471 1.164
64472 1.164
64473 1.164
64474 1.164
64475 1.164
64477 1.164
64478 1.164
64479 1.165
64480 1.164
64481 1.165
64482 1.165
64483 1.165
64484 1.165
64486 1.165
64487 1.165
64488 1.165
64489 1.165
64490 1.165
64491 1.165
64492 1.165
64493 1.165
64495 1.165
64496 1.165
64497 1.165
64498 1.165
64499 1.165
64500 1.165
64501 1.165
64503 1.165
64504 1.165
64505 1.165
64506 1.165
64507 1.165
64508 1.165
64509 1.165
64510 1.165
64512 1.165
64513 1.165
64514 1.165
64515 1.165
64516 1.165
64517 1.165
64518 1.165
64520 1.165
64521 1.165
64522 1.165
64523 1.165
64524 1.165
64525 1.165
64526 1.165
64527 1.165
64529 1.165
64530 1.165
64531 1.165
64532 1.165
64533 1.165
64534 1.165
64535 1.165
64536 1.165
64538 1.165
64539 1.165
64540 1.165
64541 1.165
64542 1.166
64543 1.165
64544 1.165
64546 1.166
64547 1.165
64548 1.167
64549 1.166
64550 1.165
64551 1.167
64552 1.167
64553 1.166
64555 1.167
64556 1.166
64557 1.167
64558 1.167
64559 1.167
64560 1.167
64561 1.167
64562 1.167
64564 1.167
64565 1.167
64566 1.167
64567 1.167
64568 1.167
64569 1.167
64570 1.167
64572 1.167
64573 1.167
64574 1.167
64575 1.167
64576 1.167
64577 1.167
64578 1.167
64579 1.167
64581 1.167
64582 1.167
64583 1.167
64584 1.167
64585 1.167
64586 1.167
64587 1.167
64588 1.167
64590 1.167
64591 1.167
64592 1.167
64593 1.167
64594 1.167
64595 1.167
64596 1.167
64598 1.167
64599 1.167
64600 1.167
64601 1.167
64602 1.167
64603 1.167
64604 1.167
64605 1.167
64607 1.167
64608 1.167
64609 1.167
64610 1.167
64611 1.167
64612 1.167
64613 1.167
64614 1.167
64616 1.167
64617 1.168
64618 1.168
64619 1.167
64620 1.169
64621 1.168
64622 1.168
64624 1.169
64625 1.168
64626 1.169
64627 1.169
64628 1.169
64629 1.169
64630 1.169
64631 1.169
64633 1.169
64634 1.169
64635 1.169
64636 1.168
64637 1.169
64638 1.169
64639 1.169
64640 1.169
64642 1.169
64643 1.169
64644 1.169
64645 1.169
64646 1.169
64647 1.169
64648 1.169
64650 1.169
64651 1.169
64652 1.169
64653 1.169
64654 1.169
64655 1.169
64656 1.169
64657 1.169
64659 1.169
64660 1.169
64661 1.169
64662 1.169
64663 1.169
64664 1.169
64665 1.169
64666 1.169
64668 1.169
64669 1.169
64670 1.169
64671 1.169
64672 1.169
64673 1.169
64674 1.169
64676 1.169
64677 1.169
64678 1.169
64679 1.169
64680 1.169
64681 1.169
64682 1.170
64683 1.169
64685 1.169
64686 1.169
64687 1.169
64688 1.170
64689 1.170
64690 1.170
64691 1.169
64693 1.170
64694 1.170
64695 1.170
64696 1.170
64697 1.170
64698 1.170
64699 1.170
64700 1.170
64702 1.170
64703 1.170
64704 1.170
64705 1.170
64706 1.170
64707 1.170
64708 1.170
64709 1.170
64711 1.170
64712 1.170
64713 1.170
64714 1.170
64715 1.170
64716 1.170
64717 1.170
64719 1.170
64720 1.171
64721 1.170
64722 1.170
64723 1.170
64724 1.170
64725 1.170
64726 1.170
64728 1.170
64729 1.170
64730 1.170
64731 1.170
64732 1.170
64733 1.170
64734 1.170
64735 1.170
64737 1.170
64738 1.170
64739 1.170
64740 1.170
64741 1.170
64742 1.170
64743 1.170
64745 1.170
64746 1.170
64747 1.171
64748 1.170
64749 1.170
64750 1.170
64751 1.170
64752 1.170
64754 1.170
64755 1.170
64756 1.170
64757 1.170
64758 1.171
64759 1.171
64760 1.172
64761 1.171
64763 1.171
64764 1.171
64765 1.172
64766 1.172
64767 1.172
64768 1.172
64769 1.172
64771 1.171
64772 1.172
64773 1.172
64774 1.172
64775 1.172
64776 1.172
64777 1.172
64778 1.172
64780 1.172
64781 1.172
64782 1.172
64783 1.172
64784 1.172
64785 1.172
64786 1.172
64787 1.172
64789 1.172
64790 1.172
64791 1.172
64792 1.172
64793 1.172
64794 1.172
64795 1.172
64797 1.172
64798 1.172
64799 1.172
64800 1.172
64801 1.172
64802 1.172
64803 1.172
64804 1.172
64806 1.172
64807 1.172
64808 1.172
64809 1.172
64810 1.172
64811 1.172
64812 1.172
64813 1.172
64815 1.172
64816 1.172
64817 1.172
64818 1.172
64819 1.172
64820 1.172
64821 1.172
64823 1.172
64824 1.172
64825 1.172
64826 1.172
64827 1.172
64828 1.172
64829 1.172
64830 1.173
64832 1.172
64833 1.172
64834 1.172
64835 1.172
64836 1.172
64837 1.172
64838 1.172
64840 1.172
64841 1.174
64842 1.173
64843 1.174
64844 1.174
64845 1.174
64846 1.174
64847 1.174
64849 1.174
64850 1.173
64851 1.174
64852 1.174
64853 1.174
64854 1.174
64855 1.174
64856 1.174
64858 1.174
64859 1.174
64860 1.174
64861 1.174
64862 1.174
64863 1.174
64864 1.174
64866 1.174
64867 1.174
64868 1.174
64869 1.174
64870 1.173
64871 1.174
64872 1.174
64873 1.174
64875 1.174
64876 1.174
64877 1.174
64878 1.174
64879 1.174
64880 1.174
64881 1.174
64883 1.174
64884 1.174
64885 1.174
64886 1.174
64887 1.174
64888 1.174
64889 1.174
64891 1.174
64892 1.174
64893 1.174
64894 1.174
64895 1.174
64896 1.174
64897 1.174
64898 1.174
64900 1.174
64901 1.174
64902 1.174
64903 1.174
64904 1.174
64905 1.174
64906 1.174
64907 1.174
64909 1.174
64910 1.174
64911 1.174
64912 1.174
64913 1.174
64914 1.175
64915 1.175
64917 1.174
64918 1.175
64919 1.174
64920 1.175
64921 1.175
64922 1.175
64923 1.175
64924 1.175
64926 1.175
64927 1.175
64928 1.175
64929 1.175
64930 1.175
64931 1.175
64932 1.175
64933 1.175
64935 1.175
64936 1.175
64937 1.175
64938 1.175
64939 1.175
64940 1.175
64941 1.175
64943 1.175
64944 1.175
64945 1.175
64946 1.175
64947 1.175
64948 1.175
64949 1.175
64950 1.175
64952 1.175
64953 1.175
64954 1.175
64955 1.175
64956 1.175
64957 1.175
64958 1.175
64959 1.175
64961 1.175
64962 1.175
64963 1.175
64964 1.175
64965 1.175
64966 1.175
64967 1.175
64969 1.175
64970 1.175
64971 1.175
64972 1.175
64973 1.175
64974 1.175
64975 1.175
64976 1.175
64978 1.175
64979 1.175
64980 1.175
64981 1.175
64982 1.175
64983 1.175
64984 1.175
64986 1.175
64987 1.175
64988 1.175
64989 1.175
64990 1.175
64991 1.175
64992 1.175
64993 1.175
64995 1.175
64996 1.176
64997 1.175
64998 1.175
64999 1.176
65000 1.175
65001 1.176
65002 1.176
65004 1.176
65005 1.176
65006 1.176
65007 1.177
65008 1.176
65009 1.176
65010 1.177
65012 1.177
65013 1.177
65014 1.177
65015 1.177
65016 1.177
65017 1.177
65018 1.177
65019 1.177
65021 1.177
65022 1.177
65023 1.177
65024 1.177
65025 1.177
65026 1.177
65027 1.177
65028 1.177
65030 1.177
65031 1.177
65032 1.177
65033 1.177
65034 1.177
65035 1.177
65036 1.177
65038 1.177
65039 1.177
65040 1.177
65041 1.177
65042 1.177
65043 1.177
65044 1.177
65045 1.177
65047 1.177
65048 1.177
65049 1.177
65050 1.177
65051 1.177
65052 1.177
65053 1.177
65054 1.177
65056 1.177
65057 1.177
65058 1.177
65059 1.177
65060 1.177
65061 1.177
65062 1.178
65064 1.177
65065 1.177
65066 1.177
65067 1.177
65068 1.177
65069 1.177
65070 1.177
65071 1.177
65073 1.177
65074 1.177
65075 1.177
65076 1.177
65077 1.177
65078 1.177
65079 1.177
65080 1.177
65082 1.177
65083 1.177
65084 1.178
65085 1.178
65086 1.179
65087 1.177
65088 1.177
65090 1.179
65091 1.178
65092 1.179
65093 1.179
65094 1.179
65095 1.179
65096 1.179
65097 1.179
65099 1.178
65100 1.179
65101 1.179
65102 1.179
65103 1.179
65104 1.179
65105 1.179
65106 1.179
65108 1.179
65109 1.179
65110 1.179
65111 1.179
65112 1.179
65113 1.179
65114 1.179
65116 1.179
65117 1.179
65118 1.179
65119 1.179
65120 1.179
65121 1.179
65122 1.179
65123 1.179
65125 1.179
65126 1.179
65127 1.179
65128 1.179
65129 1.179
65130 1.179
65131 1.179
65132 1.179
65134 1.179
65135 1.179
65136 1.179
65137 1.179
65138 1.179
65139 1.179
65140 1.179
65142 1.179
65143 1.179
65144 1.179
65145 1.179
65146 1.179
65147 1.179
65148 1.179
65149 1.179
65151 1.179
65152 1.179
65153 1.179
65154 1.179
65155 1.179
65156 1.179
65157 1.179
65159 1.179
65160 1.179
65161 1.179
65162 1.179
65163 1.179
65164 1.179
65165 1.179
65166 1.179
65168 1.180
65169 1.179
65170 1.180
65171 1.180
65172 1.180
65173 1.180
65174 1.180
65175 1.180
65177 1.180
65178 1.180
65179 1.180
65180 1.180
65181 1.180
65182 1.180
65183 1.180
65185 1.180
65186 1.180
65187 1.180
65188 1.180
65189 1.180
65190 1.180
65191 1.180
65192 1.180
65194 1.180
65195 1.180
65196 1.180
65197 1.180
65198 1.180
65199 1.180
65200 1.180
65201 1.180
65203 1.180
65204 1.180
65205 1.180
65206 1.180
65207 1.180
65208 1.180
65209 1.180
65211 1.180
65212 1.180
65213 1.180
65214 1.180
65215 1.180
65216 1.180
65217 1.180
65218 1.180
65220 1.180
65221 1.180
65222 1.180
65223 1.180
65224 1.180
65225 1.180
65226 1.180
65227 1.180
65229 1.180
65230 1.180
65231 1.180
65232 1.180
65233 1.180
65234 1.180
65235 1.180
65237 1.180
65238 1.180
65239 1.180
65240 1.180
65241 1.180
65242 1.180
65243 1.180
65244 1.180
65246 1.180
65247 1.180
65248 1.180
65249 1.180
65250 1.180
65251 1.180
65252 1.180
65253 1.181
65255 1.180
65256 1.180
65257 1.182
65258 1.180
65259 1.181
65260 1.182
65261 1.182
65263 1.181
65264 1.181
65265 1.182
65266 1.182
65267 1.182
65268 1.182
65269 1.182
65270 1.182
65272 1.182
65273 1.182
65274 1.182
65275 1.182
65276 1.182
65277 1.182
65278 1.182
65279 1.182
65281 1.182
65282 1.182
65283 1.182
65284 1.182
65285 1.182
65286 1.182
65287 1.182
65289 1.182
65290 1.182
65291 1.182
65292 1.182
65293 1.182
65294 1.182
65295 1.182
65296 1.182
65298 1.182
65299 1.182
65300 1.182
65301 1.182
65302 1.182
65303 1.182
65304 1.182
65305 1.182
65307 1.182
65308 1.182
65309 1.182
65310 1.182
65311 1.182
65312 1.182
65313 1.182
65315 1.182
65316 1.182
65317 1.182
65318 1.182
65319 1.182
65320 1.182
65321 1.182
65322 1.182
65324 1.182
65325 1.182
65326 1.182
65327 1.182
65328 1.182
65329 1.182
65330 1.182
65332 1.182
65333 1.182
65334 1.182
65335 1.182
65336 1.182
65337 1.182
65338 1.182
65339 1.183
65341 1.182
65342 1.182
65343 1.182
65344 1.182
65345 1.182
65346 1.182
65347 1.183
65348 1.182
65350 1.182
65351 1.182
65352 1.184
65353 1.182
65354 1.182
65355 1.182
65356 1.183
65358 1.183
65359 1.184
65360 1.182
65361 1.183
65362 1.183
65363 1.184
65364 1.184
65365 1.184
65367 1.183
65368 1.184
65369 1.184
65370 1.184
65371 1.184
65372 1.184
65373 1.184
65374 1.184
65376 1.184
65377 1.184
65378 1.184
65379 1.184
65380 1.184
65381 1.184
65382 1.184
65384 1.184
65385 1.184
65386 1.184
65387 1.184
65388 1.184
65389 1.184
65390 1.184
65391 1.184
65393 1.184
65394 1.184
65395 1.184
65396 1.184
65397 1.184
65398 1.184
65399 1.184
65400 1.184
65402 1.184
65403 1.184
65404 1.184
65405 1.184
65406 1.184
65407 1.184
65408 1.184
65410 1.184
65411 1.184
65412 1.184
65413 1.184
65414 1.184
65415 1.184
65416 1.184
65417 1.184
65419 1.184
65420 1.184
65421 1.184
65422 1.184
65423 1.184
65424 1.184
65426 1.184
65427 1.184
65428 1.184
65429 1.184
65430 1.184
65431 1.184
65432 1.184
65433 1.184
65435 1.184
65436 1.185
65437 1.184
65438 1.184
65439 1.184
65440 1.184
65441 1.185
65442 1.185
65444 1.185
65445 1.184
65446 1.184
65447 1.185
65448 1.185
65449 1.185
65450 1.185
65452 1.185
65453 1.185
65454 1.185
65455 1.185
65456 1.185
65457 1.185
65458 1.185
65459 1.185
65461 1.185
65462 1.185
65463 1.185
65464 1.185
65465 1.185
65466 1.185
65467 1.185
65468 1.185
65470 1.185
65471 1.185
65472 1.185
65473 1.185
65474 1.185
65475 1.185
65476 1.185
65478 1.185
65479 1.185
65480 1.185
65481 1.185
65482 1.185
65483 1.185
65484 1.185
65485 1.185
65487 1.185
65488 1.185
65489 1.185
65490 1.185
65491 1.185
65492 1.185
65493 1.185
65494 1.185
65496 1.185
65497 1.185
65498 1.185
65499 1.185
65500 1.185
65501 1.185
65502 1.185
65504 1.185
65505 1.185
65506 1.185
65507 1.185
65508 1.185
65509 1.185
65510 1.185
65511 1.185
65513 1.185
65514 1.185
65515 1.185
65516 1.185
65517 1.185
65518 1.185
65519 1.185
