# Este conjunto de dados, denominado CargaPilhasAA, é composto por vários arquivos com dados de descarga e de recuperação de pilhas AA de diversos fabricantes. Estes dados são distribuídos sob licença Creative Commons Attribution 4.0 (CC-BY). <http://creativecommons.org/licenses/by/4.0/>
# This dataset, named CargaPilhasAA, is composed of several files with discharge and recovery of AA batteries from several manufacturers. This dataset is licensed under a Creative Commons Attribution 4.0 International License (CC-BY). <http://creativecommons.org/licenses/by/4.0/>
# Galileu H. Oliveira, Rio de Janeiro, Brasil. Jan/2023.
# Fabricante: PANASONIC
# Tipo: comum
# Exemplar: 2
# Processo: recuperação
# Corrente: 0 mA
# tempo (segundos)  tensão (volts)
Time  P2
60285 0.692
60287 0.777
60288 0.792
60289 0.804
60290 0.814
60291 0.823
60292 0.830
60293 0.837
60294 0.843
60296 0.848
60297 0.854
60298 0.859
60299 0.864
60300 0.867
60301 0.871
60302 0.874
60304 0.877
60305 0.881
60306 0.884
60307 0.887
60308 0.889
60309 0.891
60310 0.894
60311 0.896
60313 0.897
60314 0.900
60315 0.901
60316 0.903
60317 0.905
60318 0.906
60319 0.908
60320 0.910
60322 0.911
60323 0.912
60324 0.913
60325 0.915
60326 0.916
60327 0.917
60328 0.918
60329 0.920
60331 0.921
60332 0.921
60333 0.922
60334 0.923
60335 0.925
60336 0.925
60337 0.926
60338 0.927
60340 0.928
60341 0.928
60342 0.930
60343 0.930
60344 0.931
60345 0.931
60346 0.932
60349 0.933
60351 0.935
60353 0.936
60355 0.938
60358 0.938
60360 0.940
60362 0.941
60364 0.942
60366 0.943
60369 0.945
60371 0.945
60373 0.946
60375 0.947
60378 0.948
60380 0.949
60382 0.950
60384 0.951
60387 0.951
60389 0.952
60391 0.953
60393 0.953
60395 0.955
60398 0.956
60400 0.956
60402 0.956
60404 0.958
60407 0.958
60411 0.959
60416 0.960
60420 0.961
60424 0.963
60429 0.964
60433 0.965
60438 0.966
60442 0.968
60447 0.969
60451 0.970
60456 0.971
60460 0.971
60464 0.973
60469 0.973
60478 0.975
60487 0.977
60495 0.979
60504 0.980
60513 0.982
60522 0.983
60531 0.985
60549 0.987
60566 0.990
60584 0.993
60602 0.995
60637 0.999
60673 1.004
60743 1.010
60843 1.019
60943 1.029
61042 1.038
61142 1.046
61241 1.053
61341 1.060
61440 1.067
61540 1.073
61541 1.076
61542 1.076
61543 1.076
61544 1.076
61545 1.076
61547 1.076
61548 1.076
61549 1.076
61550 1.076
61551 1.076
61552 1.076
61553 1.076
61555 1.076
61556 1.077
61557 1.076
61558 1.076
61559 1.077
61560 1.077
61561 1.077
61562 1.077
61564 1.077
61565 1.077
61566 1.077
61567 1.077
61568 1.077
61569 1.077
61570 1.077
61571 1.077
61573 1.077
61574 1.077
61575 1.077
61576 1.077
61577 1.077
61578 1.077
61579 1.077
61580 1.077
61582 1.077
61583 1.077
61584 1.077
61585 1.077
61586 1.077
61587 1.078
61588 1.078
61589 1.079
61591 1.079
61592 1.079
61593 1.079
61594 1.079
61595 1.079
61596 1.079
61597 1.079
61598 1.079
61600 1.079
61601 1.079
61603 1.079
61605 1.079
61607 1.079
61610 1.079
61612 1.079
61614 1.079
61616 1.079
61619 1.080
61621 1.080
61623 1.081
61625 1.081
61628 1.081
61630 1.081
61632 1.081
61634 1.081
61636 1.081
61639 1.081
61641 1.081
61643 1.081
61645 1.081
61648 1.081
61650 1.081
61652 1.082
61654 1.082
61657 1.082
61659 1.082
61661 1.082
61663 1.082
61668 1.082
61672 1.082
61677 1.082
61681 1.083
61685 1.084
61690 1.084
61694 1.084
61699 1.084
61703 1.084
61708 1.084
61712 1.084
61717 1.086
61721 1.086
61725 1.086
61734 1.086
61743 1.086
61752 1.087
61761 1.087
61770 1.087
61779 1.088
61788 1.089
61805 1.089
61823 1.090
61841 1.091
61858 1.092
61894 1.093
61929 1.095
62000 1.097
62100 1.101
62199 1.105
62299 1.109
62398 1.113
62498 1.117
62597 1.120
62697 1.124
62796 1.127
62896 1.131
62996 1.134
63095 1.137
63195 1.140
63294 1.142
63394 1.145
63493 1.148
63593 1.150
63692 1.153
63792 1.155
63892 1.158
63991 1.160
64091 1.162
64190 1.164
64290 1.166
64389 1.168
64489 1.170
64588 1.172
64688 1.174
64788 1.175
64887 1.177
64987 1.179
65086 1.181
65186 1.182
65285 1.184
65385 1.185
65484 1.187
65584 1.188
65684 1.189
65783 1.191
65883 1.192
65982 1.194
66082 1.195
66181 1.196
66281 1.197
66380 1.198
66480 1.199
66580 1.200
66679 1.202
66779 1.202
66878 1.204
66978 1.205
67077 1.205
67177 1.207
67276 1.207
67376 1.209
67475 1.209
67575 1.210
67675 1.211
67774 1.212
67874 1.213
