# Este conjunto de dados, denominado CargaPilhasAA, é composto por vários arquivos com dados de descarga e de recuperação de pilhas AA de diversos fabricantes. Estes dados são distribuídos sob licença Creative Commons Attribution 4.0 (CC-BY). <http://creativecommons.org/licenses/by/4.0/>
# This dataset, named CargaPilhasAA, is composed of several files with discharge and recovery of AA batteries from several manufacturers. This dataset is licensed under a Creative Commons Attribution 4.0 International License (CC-BY). <http://creativecommons.org/licenses/by/4.0/>
# Galileu H. Oliveira, Rio de Janeiro, Brasil. Jan/2023.
# Fabricante: PANASONIC
# Tipo: comum
# Exemplar: 2
# Processo: descarga
# Corrente: 50 mA
# tempo (segundos)  tensão (volts)
Time P2
0 1.657
2 1.622
3 1.590
4 1.591
5 1.592
6 1.592
7 1.594
8 1.594
9 1.594
11 1.594
12 1.594
13 1.594
14 1.594
15 1.594
16 1.594
17 1.594
18 1.594
20 1.594
21 1.594
22 1.594
23 1.594
24 1.594
25 1.594
26 1.594
27 1.594
29 1.593
30 1.594
31 1.593
32 1.592
34 1.592
36 1.592
39 1.592
41 1.592
43 1.592
45 1.592
48 1.592
50 1.592
52 1.590
54 1.590
56 1.590
59 1.590
61 1.590
63 1.590
65 1.590
68 1.589
70 1.589
72 1.589
74 1.589
77 1.589
79 1.589
81 1.588
83 1.587
85 1.587
88 1.587
90 1.587
92 1.587
94 1.587
99 1.585
103 1.585
108 1.585
112 1.585
117 1.584
121 1.584
125 1.584
130 1.583
134 1.582
139 1.582
143 1.582
148 1.581
152 1.580
157 1.580
165 1.580
174 1.579
183 1.578
192 1.577
201 1.576
210 1.575
219 1.575
236 1.574
254 1.572
272 1.570
289 1.569
325 1.566
360 1.564
431 1.560
531 1.553
630 1.546
730 1.540
829 1.534
929 1.528
1028 1.523
1128 1.518
1227 1.514
1327 1.509
1427 1.505
1526 1.501
1626 1.497
1725 1.494
1825 1.490
1924 1.487
2024 1.484
2123 1.481
2223 1.478
2322 1.475
2422 1.472
2522 1.470
2621 1.467
2721 1.464
2820 1.462
2920 1.459
3019 1.457
3119 1.455
3218 1.452
3318 1.450
3418 1.448
3517 1.446
3617 1.443
3716 1.441
3816 1.439
3915 1.437
4015 1.435
4114 1.433
4214 1.431
4313 1.430
4413 1.428
4513 1.426
4612 1.424
4712 1.422
4811 1.421
4911 1.419
5010 1.418
5110 1.417
5209 1.416
5309 1.415
5408 1.414
5508 1.414
5608 1.413
5707 1.413
5807 1.412
5906 1.411
6006 1.411
6105 1.409
6205 1.409
6304 1.408
6404 1.408
6504 1.406
6603 1.406
6703 1.405
6802 1.404
6902 1.403
7001 1.402
7101 1.401
7200 1.400
7300 1.399
7399 1.398
7499 1.397
7599 1.396
7698 1.395
7798 1.394
7897 1.393
7997 1.392
8096 1.391
8196 1.390
8295 1.389
8395 1.388
8494 1.388
8594 1.386
8694 1.386
8793 1.385
8893 1.383
8992 1.383
9092 1.381
9191 1.381
9291 1.380
9390 1.379
9490 1.378
9589 1.377
9689 1.376
9789 1.375
9888 1.374
9988 1.373
10087 1.372
10187 1.371
10286 1.370
10386 1.370
10485 1.368
10585 1.368
10685 1.367
10784 1.366
10884 1.365
10983 1.364
11083 1.363
11182 1.362
11282 1.361
11381 1.361
11481 1.360
11580 1.359
11680 1.358
11780 1.358
11879 1.356
11979 1.356
12078 1.355
12178 1.355
12277 1.354
12377 1.353
12476 1.353
12576 1.351
12676 1.351
12775 1.350
12875 1.350
12974 1.349
13074 1.348
13173 1.348
13273 1.347
13372 1.346
13472 1.346
13572 1.345
13671 1.345
13771 1.344
13870 1.343
13970 1.343
14069 1.342
14169 1.341
14268 1.341
14368 1.340
14467 1.340
14567 1.339
14667 1.338
14766 1.338
14866 1.337
14965 1.336
15065 1.336
15164 1.335
15264 1.335
15363 1.334
15463 1.333
15563 1.333
15662 1.332
15762 1.331
15861 1.331
15961 1.330
16060 1.330
16160 1.329
16259 1.328
16359 1.328
16458 1.328
16558 1.327
16658 1.326
16757 1.326
16857 1.325
16956 1.325
17056 1.324
17155 1.323
17255 1.323
17354 1.322
17454 1.321
17554 1.321
17653 1.320
17753 1.320
17852 1.320
17952 1.319
18051 1.318
18151 1.318
18250 1.317
18350 1.317
18450 1.317
18549 1.315
18649 1.315
18748 1.315
18848 1.315
18947 1.313
19047 1.313
19146 1.313
19246 1.312
19345 1.312
19445 1.311
19545 1.310
19644 1.310
19744 1.310
19843 1.308
19943 1.308
20042 1.308
20142 1.307
20241 1.307
20341 1.307
20441 1.306
20540 1.305
20640 1.305
20739 1.305
20839 1.303
20938 1.303
21038 1.303
21137 1.302
21237 1.302
21336 1.302
21436 1.301
21536 1.300
21635 1.300
21735 1.299
21834 1.298
21934 1.298
22033 1.298
22133 1.297
22232 1.297
22332 1.296
22431 1.295
22531 1.295
22631 1.295
22730 1.294
22830 1.293
22929 1.293
23029 1.292
23128 1.292
23228 1.292
23327 1.291
23427 1.290
23527 1.290
23626 1.289
23726 1.288
23825 1.288
23925 1.287
24024 1.287
24124 1.287
24223 1.286
24323 1.285
24422 1.285
24522 1.283
24622 1.283
24721 1.282
24821 1.282
24920 1.281
25020 1.280
25119 1.280
25219 1.280
25318 1.279
25418 1.278
25518 1.278
25617 1.277
25717 1.277
25816 1.276
25916 1.275
26015 1.275
26115 1.274
26215 1.273
26314 1.272
26414 1.272
26513 1.272
26613 1.271
26712 1.270
26812 1.270
26911 1.269
27011 1.268
27111 1.268
27210 1.268
27310 1.267
27409 1.267
27509 1.267
27608 1.266
27708 1.265
27807 1.265
27907 1.265
28007 1.263
28106 1.263
28206 1.263
28305 1.262
28405 1.262
28504 1.262
28604 1.260
28703 1.260
28803 1.259
28902 1.258
29002 1.258
29102 1.258
29201 1.257
29301 1.257
29400 1.256
29500 1.255
29599 1.255
29699 1.254
29798 1.253
29898 1.253
29998 1.253
30097 1.252
30197 1.252
30296 1.251
30396 1.250
30495 1.250
30595 1.250
30694 1.248
30794 1.248
30893 1.248
30993 1.247
31093 1.247
31192 1.247
31292 1.245
31391 1.245
31491 1.245
31590 1.244
31690 1.243
31789 1.243
31889 1.242
31989 1.242
32088 1.242
32188 1.240
32287 1.240
32387 1.240
32486 1.239
32586 1.238
32685 1.238
32785 1.237
32884 1.237
32984 1.237
33084 1.235
33183 1.235
33283 1.235
33382 1.234
33482 1.233
33581 1.233
33681 1.232
33780 1.232
33880 1.231
33980 1.230
34079 1.230
34179 1.229
34278 1.229
34378 1.229
34477 1.227
34577 1.227
34676 1.226
34776 1.225
34875 1.225
34975 1.224
35075 1.223
35174 1.222
35274 1.222
35373 1.222
35473 1.220
35572 1.220
35672 1.220
35771 1.219
35871 1.219
35971 1.218
36070 1.217
36170 1.217
36269 1.217
36369 1.215
36468 1.215
36568 1.215
36667 1.214
36767 1.214
36866 1.213
36966 1.212
37066 1.212
37165 1.210
37265 1.210
37364 1.209
37464 1.209
37563 1.209
37663 1.207
37762 1.207
37862 1.206
37961 1.205
38061 1.205
38161 1.204
38260 1.204
38360 1.203
38459 1.202
38559 1.202
38658 1.200
38758 1.200
38857 1.199
38957 1.199
39057 1.198
39156 1.197
39256 1.197
39355 1.196
39455 1.195
39554 1.195
39654 1.195
39753 1.194
39853 1.194
39952 1.193
40052 1.192
40152 1.192
40251 1.191
40351 1.190
40450 1.190
40550 1.189
40649 1.189
40749 1.187
40848 1.187
40948 1.186
41048 1.185
41147 1.185
41247 1.184
41346 1.184
41446 1.182
41545 1.182
41645 1.181
41744 1.180
41844 1.179
41943 1.179
42043 1.178
42143 1.177
42242 1.176
42342 1.175
42441 1.174
42541 1.174
42640 1.172
42740 1.172
42839 1.170
42939 1.170
42940 1.169
42941 1.169
42942 1.169
42944 1.169
42945 1.169
42946 1.169
42947 1.169
42948 1.169
42949 1.169
42950 1.169
42951 1.169
42953 1.169
42954 1.169
42955 1.169
42956 1.169
42957 1.169
42958 1.169
42959 1.169
42960 1.169
42962 1.169
42963 1.169
42964 1.169
42965 1.169
42966 1.169
42967 1.169
42968 1.169
42969 1.169
42971 1.169
42972 1.169
42973 1.169
42974 1.169
42975 1.169
42976 1.169
42977 1.169
42978 1.169
42980 1.169
42981 1.169
42982 1.169
42983 1.169
42984 1.169
42985 1.169
42986 1.169
42987 1.169
42989 1.169
42990 1.169
42991 1.169
42992 1.169
42993 1.169
42994 1.169
42995 1.169
42997 1.169
42998 1.169
42999 1.169
43000 1.169
43002 1.169
43004 1.169
43007 1.169
43009 1.169
43011 1.169
43013 1.169
43016 1.169
43018 1.169
43020 1.169
43022 1.169
43024 1.169
43027 1.169
43029 1.169
43031 1.169
43033 1.169
43036 1.169
43038 1.169
43040 1.169
43042 1.169
43045 1.169
43047 1.169
43049 1.169
43051 1.169
43053 1.169
43056 1.169
43058 1.168
43060 1.169
43062 1.169
43067 1.169
43071 1.169
43076 1.169
43080 1.169
43085 1.169
43089 1.169
43094 1.168
43098 1.168
43102 1.168
43107 1.168
43111 1.167
43116 1.167
43120 1.167
43125 1.167
43134 1.167
43142 1.167
43151 1.167
43160 1.167
43169 1.167
43178 1.167
43187 1.167
43204 1.167
43222 1.167
43240 1.167
43258 1.167
43293 1.167
43328 1.166
43399 1.165
43499 1.165
43598 1.164
43698 1.163
43797 1.162
43897 1.161
43997 1.160
44096 1.159
44196 1.158
44295 1.157
44395 1.156
44494 1.155
44594 1.154
44693 1.154
44793 1.152
44893 1.152
44992 1.150
45092 1.149
45191 1.149
45291 1.147
45390 1.146
45490 1.145
45589 1.144
45689 1.143
45789 1.142
45888 1.141
45988 1.140
46087 1.139
46187 1.138
46286 1.137
46386 1.136
46485 1.135
46585 1.133
46684 1.132
46784 1.130
46884 1.129
46983 1.128
47083 1.127
47182 1.126
47282 1.124
47381 1.124
47481 1.122
47580 1.121
47680 1.121
47780 1.121
47879 1.121
47979 1.119
48078 1.118
48178 1.117
48277 1.116
48377 1.114
48476 1.113
48576 1.112
48676 1.110
48775 1.109
48875 1.107
48974 1.106
49074 1.105
49173 1.104
49273 1.102
49372 1.101
49472 1.099
49571 1.098
49671 1.097
49771 1.095
49870 1.094
49970 1.092
50069 1.091
50169 1.090
50268 1.088
50368 1.087
50467 1.085
50567 1.084
50667 1.082
50766 1.081
50866 1.079
50965 1.077
51065 1.076
51164 1.074
51264 1.072
51363 1.071
51463 1.069
51562 1.067
51662 1.065
51762 1.063
51861 1.062
51961 1.060
52060 1.058
52160 1.056
52259 1.054
52359 1.052
52458 1.050
52558 1.048
52658 1.046
52757 1.044
52857 1.042
52956 1.040
53056 1.038
53155 1.036
53255 1.034
53354 1.032
53454 1.030
53553 1.027
53653 1.025
53753 1.023
53852 1.020
53952 1.018
54051 1.015
54151 1.013
54250 1.010
54350 1.008
54449 1.005
54549 1.003
54649 1.000
54748 0.998
54848 0.995
54947 0.992
55047 0.990
55146 0.987
55246 0.984
55345 0.981
55445 0.978
55544 0.975
55644 0.972
55744 0.969
55843 0.965
55844 0.964
55845 0.965
55846 0.964
55848 0.963
55849 0.963
55850 0.963
55851 0.964
55852 0.963
55853 0.963
55854 0.963
55855 0.963
55857 0.963
55858 0.963
55859 0.963
55860 0.963
55861 0.963
55862 0.963
55863 0.963
55865 0.963
55866 0.963
55867 0.963
55868 0.963
55869 0.963
55870 0.963
55871 0.963
55872 0.963
55874 0.963
55875 0.963
55876 0.963
55877 0.963
55878 0.963
55879 0.963
55880 0.963
55881 0.963
55883 0.963
55884 0.963
55885 0.963
55886 0.963
55887 0.963
55888 0.963
55889 0.963
55890 0.963
55892 0.963
55893 0.962
55894 0.961
55895 0.961
55896 0.962
55897 0.962
55898 0.961
55899 0.961
55901 0.962
55902 0.961
55903 0.961
55904 0.961
55906 0.961
55908 0.961
55911 0.961
55913 0.961
55915 0.961
55917 0.961
55920 0.961
55922 0.961
55924 0.961
55926 0.961
55929 0.961
55931 0.961
55933 0.961
55935 0.961
55937 0.961
55940 0.961
55942 0.961
55944 0.960
55946 0.960
55949 0.960
55951 0.960
55953 0.960
55956 0.960
55958 0.960
55960 0.960
55962 0.960
55964 0.960
55967 0.960
55971 0.960
55976 0.960
55980 0.960
55984 0.960
55989 0.960
55993 0.959
55998 0.959
56002 0.958
56007 0.958
56011 0.958
56016 0.958
56020 0.958
56024 0.958
56029 0.958
56038 0.958
56047 0.958
56056 0.957
56064 0.956
56073 0.956
56082 0.956
56091 0.956
56109 0.956
56126 0.955
56144 0.955
56162 0.953
56197 0.953
56233 0.951
56303 0.950
56403 0.947
56503 0.944
56602 0.940
56702 0.937
56801 0.933
56901 0.929
57000 0.925
57100 0.921
57199 0.917
57299 0.913
57399 0.909
57498 0.905
57598 0.901
57697 0.897
57797 0.892
57896 0.888
57996 0.883
58095 0.878
58195 0.873
58294 0.868
58394 0.862
58494 0.857
58593 0.851
58693 0.844
58792 0.838
58892 0.831
58991 0.824
59091 0.817
59190 0.810
59290 0.802
59390 0.793
59489 0.784
59589 0.774
59688 0.764
59788 0.754
59887 0.743
59987 0.731
60086 0.718
60186 0.705
60285 0.692
