# Este conjunto de dados, denominado CargaPilhasAA, é composto por vários arquivos com dados de descarga e de recuperação de pilhas AA de diversos fabricantes. Estes dados são distribuídos sob licença Creative Commons Attribution 4.0 (CC-BY). <http://creativecommons.org/licenses/by/4.0/>
# This dataset, named CargaPilhasAA, is composed of several files with discharge and recovery of AA batteries from several manufacturers. This dataset is licensed under a Creative Commons Attribution 4.0 International License (CC-BY). <http://creativecommons.org/licenses/by/4.0/>
# Galileu H. Oliveira, Rio de Janeiro, Brasil. Jan/2023.
# Fabricante: PANASONIC
# Tipo: alcalina
# Exemplar: 1
# Processo: recuperação
# Corrente: 0 mA
# tempo (segundos)  tensão (volts)
Time PA1
191535 0.698
191536 0.784
191537 0.800
191538 0.811
191539 0.818
191540 0.825
191541 0.831
191542 0.835
191544 0.839
191545 0.843
191546 0.845
191547 0.851
191548 0.852
191549 0.856
191550 0.857
191551 0.861
191553 0.862
191554 0.864
191555 0.867
191556 0.869
191557 0.871
191558 0.872
191559 0.874
191560 0.876
191562 0.877
191563 0.879
191564 0.881
191565 0.882
191566 0.883
191567 0.885
191568 0.887
191570 0.887
191571 0.888
191572 0.890
191573 0.892
191574 0.892
191575 0.893
191576 0.895
191577 0.896
191579 0.896
191580 0.898
191581 0.899
191582 0.900
191583 0.901
191584 0.902
191585 0.903
191586 0.905
191588 0.905
191589 0.906
191590 0.907
191591 0.908
191592 0.910
191593 0.910
191594 0.911
191595 0.912
191597 0.913
191599 0.915
191601 0.917
191603 0.919
191605 0.921
191608 0.923
191610 0.925
191612 0.927
191614 0.929
191617 0.931
191619 0.933
191621 0.935
191623 0.935
191626 0.937
191628 0.938
191630 0.939
191632 0.940
191635 0.940
191637 0.941
191639 0.941
191641 0.943
191643 0.943
191646 0.943
191648 0.943
191650 0.945
191652 0.945
191655 0.945
191657 0.945
191659 0.946
191664 0.946
191668 0.947
191672 0.948
191677 0.948
191681 0.949
191686 0.950
191690 0.950
191695 0.950
191699 0.951
191704 0.951
191708 0.951
191712 0.952
191717 0.953
191721 0.953
191730 0.953
191739 0.955
191748 0.955
191757 0.956
191766 0.956
191775 0.957
191783 0.958
191801 0.959
191819 0.960
191837 0.961
191854 0.963
191890 0.964
191925 0.966
191996 0.968
192095 0.972
192195 0.976
192295 0.979
192394 0.982
192494 0.984
192593 0.986
192693 0.988
192792 0.990
192892 0.992
192991 0.993
193091 0.995
193190 0.996
193290 0.998
193390 0.999
193489 1.000
193589 1.001
193688 1.003
193788 1.003
193887 1.004
193987 1.006
194086 1.006
194186 1.007
194286 1.008
194385 1.009
194485 1.009
194584 1.010
194684 1.011
194783 1.012
194883 1.013
194982 1.013
195082 1.014
195182 1.014
195281 1.015
195381 1.016
195480 1.016
195580 1.017
195679 1.018
195779 1.018
195878 1.018
195978 1.019
196077 1.019
196177 1.019
196277 1.020
196376 1.021
196476 1.021
196575 1.021
196675 1.022
196774 1.023
196874 1.023
196973 1.023
197073 1.024
197173 1.024
197272 1.024
197372 1.024
197471 1.024
197571 1.026
197670 1.026
197770 1.026
197869 1.026
197969 1.026
198069 1.027
198168 1.028
198268 1.028
198367 1.028
198467 1.028
198566 1.028
198666 1.029
198765 1.029
198865 1.029
198964 1.029
199064 1.029
199164 1.029
199263 1.030
199363 1.031
199462 1.031
199562 1.031
199661 1.031
199761 1.031
199860 1.031
199960 1.032
200060 1.033
200159 1.033
200259 1.033
200358 1.033
200458 1.033
200557 1.033
200657 1.033
200756 1.033
200856 1.034
200956 1.034
201055 1.034
201155 1.034
201254 1.034
201354 1.034
201453 1.034
201553 1.034
201652 1.035
201752 1.036
201851 1.036
201951 1.036
202051 1.036
202150 1.036
202250 1.036
202349 1.036
202449 1.036
202548 1.036
202648 1.036
202747 1.037
202847 1.038
202848 1.038
202849 1.038
202850 1.038
202852 1.038
202853 1.038
202854 1.038
202855 1.038
202856 1.038
202857 1.038
202858 1.038
202859 1.037
202861 1.038
202862 1.038
202863 1.038
202864 1.038
202865 1.038
202866 1.038
202867 1.038
202868 1.038
202870 1.038
202871 1.038
202872 1.038
202873 1.038
202874 1.038
202875 1.038
202876 1.038
202877 1.038
202879 1.038
202880 1.038
202881 1.038
202882 1.038
202883 1.038
202884 1.038
202885 1.038
202886 1.038
202888 1.038
202889 1.038
202890 1.038
202891 1.038
202892 1.038
202893 1.038
202894 1.038
202895 1.038
202897 1.038
202898 1.038
202899 1.038
202900 1.038
202901 1.038
202902 1.038
202903 1.038
202905 1.038
202906 1.038
202907 1.038
202908 1.038
202910 1.038
202912 1.038
202915 1.038
202917 1.038
202919 1.038
202921 1.038
202924 1.038
202926 1.038
202928 1.038
202930 1.038
202932 1.038
202935 1.038
202937 1.038
202939 1.038
202941 1.038
202944 1.038
202946 1.038
202948 1.038
202950 1.038
202953 1.038
202955 1.038
202957 1.038
202959 1.038
202962 1.038
202964 1.038
202966 1.037
202968 1.038
202970 1.038
202975 1.038
202979 1.038
202984 1.038
202988 1.038
202993 1.038
202997 1.037
203002 1.038
203006 1.038
203010 1.037
203015 1.038
203019 1.038
203024 1.038
203028 1.038
203033 1.038
203042 1.038
203050 1.038
203059 1.038
203068 1.038
203077 1.038
203086 1.038
203095 1.038
203112 1.038
203130 1.038
203148 1.038
203166 1.038
203201 1.038
203236 1.038
203307 1.038
203407 1.038
203506 1.038
203507 1.038
203509 1.038
203510 1.038
203511 1.038
203512 1.038
203513 1.038
203514 1.038
203515 1.038
203516 1.038
203518 1.038
203519 1.038
203520 1.038
203521 1.038
203522 1.038
203523 1.038
203524 1.038
203526 1.038
203527 1.038
203528 1.038
203529 1.038
203530 1.038
203531 1.038
203532 1.038
203533 1.038
203535 1.038
203536 1.038
203537 1.038
203538 1.038
203539 1.038
203540 1.038
203541 1.038
203542 1.038
203544 1.038
203545 1.038
203546 1.038
203547 1.038
203548 1.038
203549 1.038
203550 1.038
203551 1.038
203553 1.038
203554 1.038
203555 1.038
203556 1.038
203557 1.038
203558 1.038
203559 1.038
203560 1.038
203562 1.038
203563 1.038
203564 1.038
203565 1.038
203566 1.038
203567 1.038
203569 1.038
203572 1.038
203574 1.038
203576 1.038
203578 1.038
203581 1.038
203583 1.038
203585 1.038
203587 1.038
203590 1.038
203592 1.038
203594 1.038
203596 1.038
203598 1.038
203601 1.038
203603 1.038
203605 1.038
203607 1.038
203610 1.038
203612 1.038
203614 1.038
203616 1.038
203619 1.038
203621 1.038
203623 1.038
203625 1.038
203628 1.038
203632 1.038
203636 1.038
203641 1.038
203645 1.038
203650 1.038
203654 1.038
203659 1.038
203663 1.038
203668 1.038
203672 1.038
203676 1.038
203681 1.038
203685 1.038
203690 1.038
203699 1.038
203707 1.038
203716 1.038
203725 1.038
203734 1.038
203743 1.038
203752 1.038
203770 1.038
203787 1.038
203805 1.038
203823 1.038
203858 1.039
203894 1.039
203964 1.039
204064 1.039
204163 1.039
204263 1.039
204363 1.039
204462 1.039
204562 1.039
204661 1.039
204761 1.039
204860 1.039
204960 1.039
205059 1.040
205159 1.040
205258 1.041
205358 1.041
205458 1.041
205557 1.041
205657 1.041
205756 1.041
205856 1.041
205955 1.041
206055 1.041
206154 1.041
206254 1.041
206354 1.041
206453 1.041
206553 1.041
206652 1.042
206752 1.042
206851 1.043
206951 1.043
207050 1.043
207150 1.043
207250 1.043
207349 1.043
207449 1.043
207548 1.043
207648 1.043
207747 1.043
207847 1.043
207946 1.043
208046 1.043
208145 1.043
208245 1.043
208345 1.043
208444 1.043
208544 1.043
208643 1.044
208743 1.044
208842 1.044
208942 1.044
209041 1.044
209141 1.044
209241 1.044
209340 1.044
209440 1.044
209539 1.044
209639 1.044
209738 1.044
209838 1.044
209937 1.044
210037 1.044
210137 1.044
210236 1.044
210336 1.044
210435 1.044
210535 1.044
210634 1.044
210734 1.045
210833 1.045
210933 1.045
211033 1.046
211132 1.046
211232 1.045
211331 1.045
211431 1.046
211530 1.046
211630 1.046
211729 1.046
211829 1.046
211928 1.046
212028 1.046
212128 1.046
212227 1.046
212327 1.046
212426 1.046
212526 1.046
212625 1.046
212725 1.046
212824 1.046
212924 1.046
213024 1.046
213123 1.046
213223 1.046
213322 1.046
213422 1.046
213521 1.046
213621 1.047
213720 1.046
213820 1.047
213920 1.047
214019 1.048
214119 1.048
214218 1.048
214318 1.048
214417 1.048
214517 1.048
214616 1.048
214716 1.048
214816 1.048
214915 1.048
215015 1.048
215114 1.048
215214 1.048
215313 1.048
215413 1.048
215512 1.048
215612 1.048
215712 1.048
215811 1.048
215911 1.048
216010 1.048
216110 1.048
216209 1.048
216309 1.048
216408 1.048
216508 1.049
216607 1.049
216707 1.049
216807 1.049
216906 1.049
217006 1.049
217105 1.049
217205 1.049
217304 1.049
217404 1.049
217503 1.049
217603 1.049
217703 1.049
217802 1.049
217902 1.049
218001 1.049
218101 1.049
218200 1.049
218300 1.049
218399 1.049
218499 1.049
218599 1.049
218698 1.049
218798 1.049
218897 1.049
218997 1.049
219096 1.049
219196 1.049
219295 1.049
219395 1.049
219495 1.049
219594 1.049
219694 1.049
219793 1.049
219893 1.050
219992 1.050
220092 1.050
220191 1.050
220291 1.051
220390 1.051
220490 1.051
220590 1.051
220689 1.051
220789 1.051
220888 1.051
220988 1.051
221087 1.051
221187 1.051
221286 1.051
221386 1.051
221486 1.051
221585 1.051
221685 1.051
221784 1.051
221884 1.051
221983 1.051
222083 1.051
222182 1.051
222282 1.051
222382 1.051
222481 1.051
222581 1.051
222680 1.051
222780 1.051
222879 1.051
222979 1.051
223078 1.051
223178 1.051
223278 1.051
223377 1.051
223477 1.052
223576 1.052
223676 1.052
223775 1.052
223875 1.052
223974 1.052
224074 1.053
224173 1.053
224273 1.053
224373 1.053
224472 1.053
224572 1.053
224671 1.053
224771 1.053
224870 1.053
224970 1.053
225069 1.053
225169 1.053
225269 1.053
225368 1.053
225468 1.053
225567 1.053
225667 1.053
225766 1.053
225866 1.053
225965 1.053
226065 1.053
226165 1.053
226264 1.053
226364 1.053
226463 1.053
226563 1.053
226662 1.053
226762 1.053
226861 1.053
226961 1.054
227061 1.054
227160 1.054
227260 1.054
227359 1.054
227459 1.054
227558 1.054
