# Este conjunto de dados, denominado CargaPilhasAA, é composto por vários arquivos com dados de descarga e de recuperação de pilhas AA de diversos fabricantes. Estes dados são distribuídos sob licença Creative Commons Attribution 4.0 (CC-BY). <http://creativecommons.org/licenses/by/4.0/>
# This dataset, named CargaPilhasAA, is composed of several files with discharge and recovery of AA batteries from several manufacturers. This dataset is licensed under a Creative Commons Attribution 4.0 International License (CC-BY). <http://creativecommons.org/licenses/by/4.0/>
# Galileu H. Oliveira, Rio de Janeiro, Brasil. Jan/2023.
# Fabricante: PANASONIC
# Tipo: alcalina
# Exemplar: 1
# Processo: descarga
# Corrente: 50 mA
# tempo (segundos)  tensão (volts)
Time PA1
0 1.624
1 1.573
3 1.529
4 1.533
5 1.536
6 1.537
7 1.539
8 1.541
9 1.541
10 1.542
12 1.542
13 1.544
14 1.544
15 1.544
16 1.546
17 1.546
18 1.546
20 1.546
21 1.546
22 1.547
23 1.547
24 1.547
25 1.547
26 1.548
27 1.549
29 1.549
30 1.549
31 1.549
32 1.549
34 1.549
36 1.550
39 1.551
41 1.551
43 1.551
45 1.551
48 1.551
50 1.551
52 1.552
54 1.552
56 1.552
59 1.552
61 1.552
63 1.552
65 1.552
68 1.552
70 1.552
72 1.553
74 1.553
77 1.553
79 1.554
81 1.554
83 1.554
86 1.554
88 1.554
90 1.554
92 1.554
94 1.554
99 1.554
103 1.554
108 1.554
112 1.554
117 1.554
121 1.554
126 1.554
130 1.554
134 1.554
139 1.554
143 1.554
148 1.554
152 1.554
157 1.554
166 1.554
174 1.554
183 1.554
192 1.554
201 1.554
210 1.554
219 1.554
236 1.553
254 1.552
272 1.552
290 1.552
325 1.552
360 1.551
431 1.549
531 1.547
630 1.545
730 1.543
829 1.540
929 1.538
1029 1.536
1128 1.533
1228 1.531
1327 1.529
1427 1.527
1526 1.525
1626 1.523
1725 1.521
1825 1.519
1924 1.518
2024 1.516
2124 1.514
2223 1.512
2323 1.511
2422 1.509
2522 1.507
2621 1.506
2721 1.504
2820 1.502
2920 1.501
3020 1.499
3119 1.498
3219 1.496
3318 1.495
3418 1.494
3517 1.492
3617 1.491
3716 1.489
3816 1.488
3915 1.487
4015 1.486
4115 1.484
4214 1.483
4314 1.482
4413 1.481
4513 1.480
4612 1.479
4712 1.478
4811 1.476
4911 1.476
5011 1.474
5110 1.473
5210 1.473
5309 1.471
5409 1.470
5508 1.469
5608 1.468
5707 1.468
5807 1.466
5906 1.466
6006 1.464
6106 1.464
6205 1.463
6305 1.462
6404 1.461
6504 1.460
6603 1.459
6703 1.459
6802 1.458
6902 1.457
7002 1.456
7101 1.455
7201 1.454
7300 1.454
7400 1.453
7499 1.453
7599 1.451
7698 1.451
7798 1.449
7897 1.449
7997 1.448
8097 1.448
8196 1.447
8296 1.446
8395 1.446
8495 1.444
8594 1.444
8694 1.443
8793 1.443
8893 1.442
8992 1.441
9092 1.441
9192 1.439
9291 1.439
9391 1.438
9490 1.438
9590 1.437
9689 1.436
9789 1.436
9888 1.434
9988 1.434
10088 1.433
10187 1.433
10287 1.433
10386 1.431
10486 1.431
10585 1.430
10685 1.429
10784 1.429
10884 1.428
10984 1.428
11083 1.427
11183 1.426
11282 1.426
11382 1.425
11481 1.424
11581 1.424
11680 1.423
11780 1.423
11880 1.423
11979 1.421
12079 1.421
12178 1.421
12278 1.420
12377 1.419
12477 1.419
12576 1.418
12676 1.418
12775 1.418
12875 1.416
12975 1.416
13074 1.416
13174 1.415
13273 1.414
13373 1.414
13472 1.413
13572 1.413
13671 1.413
13771 1.412
13871 1.411
13970 1.411
14070 1.411
14169 1.410
14269 1.409
14368 1.409
14468 1.409
14567 1.408
14667 1.408
14766 1.408
14866 1.407
14966 1.406
15065 1.406
15165 1.406
15264 1.405
15364 1.404
15463 1.404
15563 1.404
15662 1.404
15762 1.403
15861 1.403
15961 1.403
16061 1.402
16160 1.401
16260 1.401
16359 1.401
16459 1.401
16558 1.400
16658 1.400
16757 1.400
16857 1.399
16957 1.398
17056 1.398
17156 1.398
17255 1.398
17355 1.397
17454 1.396
17554 1.396
17653 1.396
17753 1.396
17853 1.395
17952 1.395
18052 1.395
18151 1.395
18251 1.394
18350 1.393
18450 1.393
18549 1.393
18649 1.393
18748 1.392
18848 1.391
18948 1.391
19047 1.391
19147 1.391
19246 1.390
19346 1.390
19445 1.390
19545 1.390
19644 1.390
19744 1.389
19844 1.388
19943 1.388
20043 1.388
20142 1.388
20242 1.387
20341 1.386
20441 1.386
20540 1.386
20640 1.386
20740 1.386
20839 1.385
20939 1.385
21038 1.385
21138 1.385
21237 1.384
21337 1.383
21436 1.383
21536 1.383
21636 1.383
21735 1.383
21835 1.382
21934 1.381
22034 1.381
22133 1.381
22233 1.381
22332 1.381
22432 1.380
22531 1.380
22631 1.380
22731 1.380
22830 1.379
22930 1.378
23029 1.378
23129 1.378
23228 1.378
23328 1.378
23427 1.377
23527 1.376
23627 1.376
23726 1.376
23826 1.376
23925 1.376
24025 1.375
24124 1.375
24224 1.375
24323 1.375
24423 1.375
24523 1.374
24622 1.373
24722 1.373
24821 1.373
24921 1.373
25020 1.373
25120 1.372
25219 1.371
25319 1.371
25419 1.371
25518 1.371
25618 1.371
25717 1.370
25817 1.370
25916 1.370
26016 1.370
26115 1.370
26215 1.369
26315 1.368
26414 1.368
26514 1.368
26613 1.368
26713 1.368
26812 1.367
26912 1.366
27011 1.366
27111 1.366
27211 1.366
27310 1.366
27410 1.365
27509 1.365
27609 1.365
27708 1.365
27808 1.365
27907 1.364
28007 1.363
28107 1.363
28206 1.363
28306 1.363
28405 1.363
28505 1.362
28604 1.361
28704 1.361
28803 1.361
28903 1.361
29002 1.361
29102 1.360
29202 1.360
29301 1.360
29401 1.360
29500 1.359
29600 1.358
29699 1.358
29799 1.358
29898 1.358
29998 1.358
30098 1.357
30197 1.356
30297 1.356
30396 1.356
30496 1.356
30595 1.356
30695 1.355
30794 1.355
30894 1.355
30994 1.355
31093 1.355
31193 1.355
31292 1.354
31392 1.353
31491 1.353
31591 1.353
31690 1.353
31790 1.353
31890 1.352
31989 1.351
32089 1.351
32188 1.351
32288 1.351
32387 1.351
32487 1.350
32586 1.350
32686 1.350
32786 1.350
32885 1.350
32985 1.349
33084 1.348
33184 1.348
33283 1.348
33383 1.348
33482 1.348
33582 1.347
33682 1.346
33781 1.346
33881 1.346
33980 1.346
34080 1.346
34179 1.345
34279 1.345
34378 1.345
34478 1.345
34577 1.345
34677 1.344
34777 1.343
34876 1.343
34976 1.343
35075 1.343
35175 1.343
35274 1.343
35374 1.342
35473 1.341
35573 1.341
35673 1.341
35772 1.341
35872 1.341
35971 1.340
36071 1.340
36170 1.340
36270 1.340
36369 1.340
36469 1.339
36569 1.338
36668 1.338
36768 1.338
36867 1.338
36967 1.338
37066 1.337
37166 1.336
37265 1.336
37365 1.336
37465 1.336
37564 1.336
37664 1.336
37763 1.335
37863 1.335
37962 1.335
38062 1.335
38161 1.335
38261 1.334
38361 1.333
38460 1.333
38560 1.333
38659 1.333
38759 1.333
38858 1.332
38958 1.331
39057 1.331
39157 1.331
39257 1.331
39356 1.331
39456 1.331
39555 1.330
39655 1.330
39754 1.330
39854 1.330
39953 1.330
40053 1.329
40153 1.328
40252 1.328
40352 1.328
40451 1.328
40551 1.328
40650 1.328
40750 1.328
40849 1.327
40949 1.326
41049 1.326
41148 1.326
41248 1.326
41347 1.326
41447 1.325
41546 1.325
41646 1.325
41745 1.325
41845 1.325
41945 1.325
42044 1.324
42144 1.323
42243 1.323
42343 1.323
42442 1.323
42542 1.323
42641 1.322
42741 1.322
42840 1.321
42940 1.321
43040 1.321
43139 1.321
43239 1.321
43338 1.320
43438 1.320
43537 1.320
43637 1.320
43736 1.320
43836 1.320
43936 1.319
44035 1.318
44135 1.318
44234 1.318
44334 1.318
44433 1.318
44533 1.318
44632 1.317
44732 1.317
44832 1.317
44931 1.317
45031 1.317
45130 1.317
45230 1.316
45329 1.315
45429 1.315
45528 1.315
45628 1.315
45728 1.315
45827 1.315
45927 1.315
46026 1.314
46126 1.313
46225 1.313
46325 1.313
46424 1.313
46524 1.313
46624 1.313
46723 1.313
46823 1.312
46922 1.312
47022 1.312
47121 1.312
47221 1.312
47320 1.312
47420 1.312
47520 1.311
47619 1.310
47719 1.310
47818 1.310
47918 1.310
48017 1.310
48117 1.311
48216 1.311
48316 1.311
48415 1.310
48515 1.310
48615 1.310
48714 1.310
48814 1.310
48913 1.310
49013 1.309
49112 1.308
49212 1.308
49311 1.308
49411 1.308
49511 1.308
49610 1.308
49710 1.308
49809 1.308
49909 1.308
50008 1.308
50108 1.308
50207 1.308
50307 1.308
50407 1.308
50506 1.308
50606 1.308
50705 1.308
50805 1.308
50904 1.308
51004 1.308
51103 1.308
51203 1.307
51302 1.307
51402 1.307
51502 1.307
51601 1.307
51701 1.307
51800 1.307
51900 1.306
51999 1.306
52099 1.305
52198 1.305
52298 1.305
52398 1.305
52497 1.305
52597 1.305
52696 1.305
52796 1.304
52895 1.303
52995 1.303
53094 1.303
53194 1.303
53294 1.303
53393 1.303
53493 1.303
53592 1.303
53692 1.303
53791 1.303
53891 1.302
53990 1.302
54090 1.302
54190 1.302
54289 1.302
54389 1.302
54488 1.302
54588 1.302
54687 1.302
54787 1.302
54886 1.302
54986 1.301
55085 1.301
55185 1.300
55285 1.300
55384 1.300
55484 1.300
55583 1.300
55683 1.300
55782 1.300
55882 1.300
55981 1.300
56081 1.299
56181 1.299
56280 1.298
56380 1.298
56479 1.298
56579 1.298
56678 1.298
56778 1.298
56877 1.298
56977 1.298
57076 1.298
57176 1.297
57276 1.297
57375 1.297
57475 1.297
57574 1.297
57674 1.297
57773 1.297
57873 1.297
57972 1.297
58072 1.296
58172 1.296
58271 1.295
58371 1.295
58470 1.295
58570 1.295
58669 1.295
58769 1.295
58868 1.294
58968 1.293
59068 1.293
59167 1.293
59267 1.293
59366 1.293
59466 1.293
59565 1.293
59665 1.292
59764 1.292
59864 1.292
59963 1.292
60063 1.292
60163 1.292
60262 1.292
60362 1.292
60461 1.291
60561 1.290
60660 1.290
60760 1.290
60859 1.290
60959 1.290
61059 1.290
61158 1.290
61258 1.290
61357 1.290
61457 1.290
61556 1.288
61656 1.288
61755 1.288
61855 1.288
61954 1.288
62054 1.288
62154 1.288
62253 1.288
62353 1.288
62452 1.288
62552 1.288
62651 1.288
62751 1.287
62850 1.287
62950 1.287
63050 1.287
63149 1.287
63249 1.287
63348 1.287
63448 1.287
63547 1.287
63647 1.287
63746 1.286
63846 1.285
63946 1.285
64045 1.285
64145 1.285
64244 1.285
64344 1.285
64443 1.285
64543 1.285
64642 1.285
64742 1.285
64842 1.284
64941 1.283
65041 1.283
65140 1.283
65240 1.283
65339 1.283
65439 1.283
65538 1.283
65638 1.283
65738 1.283
65837 1.282
65937 1.282
66036 1.282
66136 1.282
66235 1.282
66335 1.282
66434 1.282
66534 1.282
66633 1.282
66733 1.281
66833 1.280
66932 1.280
67032 1.280
67131 1.280
67231 1.280
67330 1.280
67430 1.280
67529 1.280
67629 1.280
67729 1.279
67828 1.278
67928 1.278
68027 1.278
68127 1.278
68226 1.278
68326 1.278
68425 1.278
68525 1.278
68625 1.278
68724 1.277
68824 1.277
68923 1.277
69023 1.277
69122 1.277
69222 1.277
69321 1.277
69421 1.277
69521 1.276
69620 1.275
69720 1.275
69819 1.275
69919 1.275
70018 1.275
70118 1.275
70217 1.275
70317 1.274
70417 1.274
70516 1.273
70616 1.273
70715 1.273
70815 1.273
70914 1.273
71014 1.273
71113 1.273
71213 1.273
71312 1.273
71412 1.273
71512 1.272
71611 1.272
71711 1.272
71810 1.272
71910 1.272
72009 1.272
72109 1.272
72208 1.272
72308 1.272
72408 1.272
72507 1.271
72607 1.271
72706 1.270
72806 1.270
72905 1.270
73005 1.270
73104 1.270
73204 1.270
73304 1.270
73403 1.270
73503 1.270
73602 1.270
73702 1.270
73801 1.269
73901 1.268
74000 1.268
74100 1.268
74200 1.268
74299 1.268
74399 1.268
74498 1.268
74598 1.268
74697 1.268
74797 1.267
74896 1.267
74996 1.267
75096 1.267
75195 1.267
75295 1.267
75394 1.267
75494 1.267
75593 1.267
75693 1.267
75792 1.266
75892 1.265
75991 1.265
76091 1.265
76191 1.265
76290 1.265
76390 1.265
76489 1.265
76589 1.265
76688 1.265
76788 1.265
76887 1.264
76987 1.263
77087 1.263
77186 1.263
77286 1.263
77385 1.263
77485 1.263
77584 1.263
77684 1.263
77783 1.263
77883 1.262
77983 1.262
78082 1.262
78182 1.262
78281 1.262
78381 1.262
78480 1.262
78580 1.262
78679 1.262
78779 1.262
78879 1.261
78978 1.260
79078 1.260
79177 1.260
79277 1.260
79376 1.260
79476 1.260
79575 1.260
79675 1.260
79775 1.260
79874 1.259
79974 1.258
80073 1.258
80173 1.258
80272 1.258
80372 1.258
80471 1.258
80571 1.258
80671 1.257
80770 1.257
80870 1.257
80969 1.257
81069 1.257
81168 1.257
81268 1.257
81367 1.257
81467 1.257
81566 1.256
81666 1.256
81766 1.255
81865 1.255
81965 1.255
82064 1.255
82164 1.255
82263 1.255
82363 1.255
82462 1.255
82562 1.255
82662 1.254
82761 1.253
82861 1.253
82960 1.253
83060 1.253
83159 1.253
83259 1.253
83358 1.253
83458 1.253
83558 1.253
83657 1.252
83757 1.252
83856 1.252
83956 1.252
84055 1.252
84155 1.252
84254 1.252
84354 1.252
84454 1.252
84553 1.252
84653 1.251
84752 1.250
84852 1.250
84951 1.250
85051 1.250
85150 1.250
85250 1.250
85350 1.250
85449 1.250
85549 1.250
85648 1.249
85748 1.248
85847 1.248
85947 1.248
86046 1.248
86146 1.248
86246 1.248
86345 1.248
86445 1.248
86544 1.247
86644 1.247
86743 1.247
86843 1.247
86942 1.247
87042 1.247
87141 1.247
87241 1.247
87341 1.247
87440 1.247
87540 1.246
87639 1.245
87739 1.245
87838 1.245
87938 1.245
88037 1.245
88137 1.245
88237 1.245
88336 1.245
88436 1.244
88535 1.244
88635 1.243
88734 1.243
88834 1.243
88933 1.243
89033 1.243
89133 1.243
89232 1.243
89332 1.243
89431 1.242
89531 1.242
89630 1.242
89730 1.242
89829 1.242
89929 1.242
90029 1.242
90128 1.242
90228 1.241
90327 1.240
90427 1.240
90526 1.240
90626 1.240
90725 1.240
90825 1.240
90924 1.240
91024 1.240
91124 1.240
91223 1.239
91323 1.239
91422 1.238
91522 1.238
91621 1.238
91721 1.238
91820 1.238
91920 1.238
92020 1.238
92119 1.237
92219 1.237
92318 1.237
92418 1.237
92517 1.237
92617 1.237
92716 1.237
92816 1.237
92916 1.237
93015 1.236
93115 1.235
93214 1.235
93314 1.235
93413 1.235
93513 1.235
93612 1.235
93712 1.235
93812 1.235
93911 1.234
94011 1.234
94110 1.233
94210 1.233
94309 1.233
94409 1.233
94508 1.233
94608 1.233
94708 1.233
94807 1.232
94907 1.232
95006 1.232
95106 1.232
95205 1.232
95305 1.232
95404 1.232
95504 1.232
95604 1.231
95703 1.230
95803 1.230
95902 1.230
96002 1.230
96101 1.230
96201 1.230
96300 1.230
96400 1.230
96499 1.229
96599 1.229
96699 1.229
96798 1.229
96898 1.229
96997 1.229
97097 1.229
97196 1.228
97296 1.227
97395 1.227
97495 1.227
97595 1.227
97694 1.227
97794 1.227
97893 1.227
97993 1.227
98092 1.226
98192 1.225
98291 1.225
98391 1.225
98491 1.225
98590 1.225
98690 1.225
98789 1.225
98889 1.224
98988 1.224
99088 1.224
99187 1.224
99287 1.224
99387 1.224
99486 1.224
99586 1.223
99685 1.223
99785 1.222
99884 1.222
99984 1.222
100083 1.222
100183 1.222
100283 1.222
100382 1.222
100482 1.221
100581 1.220
100681 1.220
100780 1.220
100880 1.220
100979 1.220
101079 1.220
101179 1.220
101278 1.220
101378 1.219
101477 1.219
101577 1.219
101676 1.219
101776 1.219
101875 1.219
101975 1.219
102074 1.218
102174 1.217
102274 1.217
102373 1.217
102473 1.217
102572 1.217
102672 1.217
102771 1.217
102871 1.217
102970 1.216
103070 1.215
103170 1.215
103269 1.215
103369 1.215
103468 1.215
103568 1.215
103667 1.215
103767 1.214
103866 1.214
103966 1.214
104066 1.214
104165 1.214
104265 1.214
104364 1.214
104464 1.214
104563 1.213
104663 1.212
104762 1.212
104862 1.212
104962 1.212
105061 1.212
105161 1.212
105260 1.212
105360 1.211
105459 1.210
105559 1.210
105658 1.210
105758 1.210
105858 1.210
105957 1.210
106057 1.210
106156 1.210
106256 1.209
106355 1.209
106455 1.209
106554 1.209
106654 1.209
106754 1.209
106853 1.209
106953 1.208
107052 1.207
107152 1.207
107251 1.207
107351 1.207
107450 1.207
107550 1.207
107649 1.207
107749 1.206
107849 1.205
107948 1.205
108048 1.205
108147 1.205
108247 1.205
108346 1.205
108446 1.204
108545 1.204
108645 1.204
108745 1.204
108844 1.204
108944 1.204
109043 1.204
109143 1.203
109242 1.202
109342 1.202
109441 1.202
109541 1.202
109641 1.202
109740 1.202
109840 1.202
109939 1.202
110039 1.200
110138 1.200
110238 1.200
110337 1.200
110437 1.200
110537 1.200
110636 1.200
110736 1.199
110835 1.199
110935 1.199
111034 1.199
111134 1.199
111233 1.199
111333 1.197
111432 1.197
111532 1.197
111632 1.197
111731 1.197
111831 1.197
111930 1.197
112030 1.196
112129 1.195
112229 1.195
112328 1.195
112428 1.195
112528 1.195
112627 1.195
112727 1.194
112826 1.194
112926 1.194
113025 1.194
113125 1.194
113224 1.194
113324 1.192
113424 1.192
113523 1.192
113623 1.192
113722 1.192
113822 1.192
113921 1.192
114021 1.191
114120 1.190
114220 1.190
114320 1.190
114419 1.190
114519 1.190
114618 1.190
114718 1.189
114817 1.189
114917 1.189
115016 1.189
115116 1.189
115216 1.189
115315 1.188
115415 1.187
115514 1.187
115614 1.187
115713 1.187
115813 1.187
115912 1.187
116012 1.186
116112 1.185
116211 1.185
116311 1.185
116410 1.185
116510 1.185
116609 1.184
116709 1.184
116808 1.184
116908 1.184
117008 1.184
117107 1.184
117207 1.183
117306 1.182
117406 1.182
117505 1.182
117605 1.182
117704 1.182
117804 1.182
117904 1.181
118003 1.180
118103 1.180
118202 1.180
118302 1.180
118401 1.180
118501 1.180
118600 1.179
118700 1.179
118799 1.179
118899 1.179
118999 1.179
119098 1.178
119198 1.177
119297 1.177
119397 1.177
119496 1.177
119596 1.177
119695 1.177
119795 1.176
119895 1.175
119994 1.175
120094 1.175
120193 1.175
120293 1.175
120392 1.174
120492 1.174
120591 1.174
120691 1.174
120791 1.174
120890 1.174
120990 1.173
121089 1.172
121189 1.172
121288 1.172
121388 1.172
121487 1.172
121587 1.172
121687 1.171
121786 1.170
121886 1.170
121985 1.170
122085 1.170
122184 1.170
122284 1.170
122383 1.169
122483 1.169
122583 1.169
122682 1.169
122782 1.169
122881 1.168
122981 1.167
123080 1.167
123180 1.167
123279 1.167
123379 1.167
123479 1.167
123578 1.166
123678 1.165
123777 1.165
123877 1.165
123976 1.165
124076 1.165
124175 1.164
124275 1.164
124375 1.164
124474 1.164
124574 1.164
124673 1.164
124773 1.162
124872 1.162
124972 1.162
125071 1.162
125171 1.162
125271 1.162
125370 1.161
125470 1.160
125569 1.160
125669 1.160
125768 1.160
125868 1.159
125967 1.159
126067 1.159
126166 1.159
126266 1.159
126366 1.159
126465 1.158
126565 1.157
126664 1.157
126764 1.157
126863 1.157
126963 1.157
127062 1.156
127162 1.155
127262 1.155
127361 1.155
127461 1.155
127560 1.155
127660 1.154
127759 1.154
127859 1.154
127958 1.154
128058 1.154
128158 1.153
128257 1.152
128357 1.152
128456 1.152
128556 1.152
128655 1.152
128755 1.151
128854 1.150
128954 1.150
129054 1.150
129153 1.150
129253 1.149
129352 1.149
129452 1.149
129551 1.149
129651 1.149
129750 1.147
129850 1.147
129950 1.147
130049 1.147
130149 1.147
130248 1.146
130348 1.146
130447 1.146
130547 1.146
130646 1.145
130746 1.144
130846 1.144
130945 1.144
131045 1.144
131144 1.144
131244 1.143
131343 1.142
131443 1.142
131542 1.142
131642 1.142
131742 1.141
131841 1.141
131941 1.141
132040 1.141
132140 1.140
132239 1.139
132339 1.139
132438 1.139
132538 1.139
132638 1.139
132737 1.138
132837 1.137
132936 1.137
133036 1.137
133135 1.137
133235 1.136
133334 1.136
133434 1.136
133533 1.136
133633 1.135
133733 1.134
133832 1.134
133932 1.134
134031 1.134
134131 1.133
134230 1.132
134330 1.132
134429 1.132
134529 1.132
134629 1.131
134728 1.131
134828 1.131
134927 1.131
135027 1.130
135126 1.129
135226 1.129
135325 1.129
135425 1.129
135525 1.128
135624 1.127
135724 1.127
135823 1.127
135923 1.127
136022 1.126
136122 1.126
136221 1.126
136321 1.126
136421 1.124
136520 1.124
136620 1.124
136719 1.124
136819 1.123
136918 1.122
137018 1.122
137117 1.122
137217 1.122
137317 1.121
137416 1.121
137516 1.121
137615 1.121
137715 1.120
137814 1.119
137914 1.119
138013 1.119
138113 1.119
138213 1.118
138312 1.117
138412 1.117
138511 1.117
138611 1.116
138710 1.116
138810 1.116
138909 1.116
139009 1.115
139109 1.114
139208 1.114
139308 1.114
139407 1.113
139507 1.112
139606 1.112
139706 1.112
139805 1.112
139905 1.111
140005 1.111
140104 1.111
140204 1.110
140303 1.109
140403 1.109
140502 1.109
140602 1.108
140701 1.107
140801 1.107
140901 1.107
141000 1.106
141100 1.106
141199 1.106
141299 1.106
141398 1.104
141498 1.104
141597 1.104
141697 1.104
141797 1.102
141896 1.102
141996 1.102
142095 1.102
142195 1.101
142294 1.101
142394 1.101
142493 1.099
142593 1.099
142692 1.099
142792 1.098
142892 1.097
142991 1.097
143091 1.097
143190 1.096
143290 1.096
143389 1.096
143489 1.095
143588 1.094
143688 1.094
143788 1.094
143887 1.092
143987 1.092
144086 1.092
144186 1.091
144285 1.091
144385 1.091
144484 1.090
144584 1.089
144684 1.089
144783 1.089
144883 1.088
144982 1.087
145082 1.087
145181 1.087
145281 1.086
145380 1.086
145480 1.086
145580 1.084
145679 1.084
145779 1.084
145878 1.083
145978 1.082
146077 1.082
146177 1.082
146276 1.081
146376 1.081
146475 1.080
146575 1.079
146675 1.079
146774 1.079
146874 1.078
146973 1.077
147073 1.077
147172 1.076
147272 1.076
147371 1.076
147471 1.076
147571 1.074
147670 1.074
147770 1.074
147869 1.073
147969 1.072
148068 1.072
148168 1.072
148267 1.071
148367 1.071
148467 1.071
148566 1.070
148666 1.069
148765 1.069
148865 1.069
148964 1.068
149064 1.067
149163 1.067
149263 1.067
149363 1.066
149462 1.066
149562 1.066
149661 1.065
149761 1.064
149860 1.064
149960 1.064
150059 1.063
150159 1.063
150258 1.063
150358 1.063
150458 1.062
150557 1.061
150657 1.061
150756 1.061
150856 1.060
150955 1.059
151055 1.059
151154 1.059
151254 1.059
151354 1.058
151453 1.058
151553 1.058
151652 1.058
151752 1.057
151851 1.056
151951 1.056
152050 1.056
152150 1.056
152250 1.055
152349 1.054
152449 1.054
152548 1.054
152648 1.054
152747 1.053
152847 1.053
152946 1.053
153046 1.053
153146 1.052
153245 1.051
153345 1.051
153444 1.051
153544 1.051
153643 1.051
153743 1.050
153842 1.049
153942 1.049
154042 1.049
154141 1.049
154241 1.049
154340 1.048
154440 1.048
154539 1.048
154639 1.048
154738 1.047
154838 1.046
154938 1.046
155037 1.046
155137 1.044
155236 1.044
155336 1.044
155435 1.044
155535 1.043
155634 1.043
155734 1.043
155833 1.043
155933 1.043
156033 1.042
156132 1.041
156232 1.041
156331 1.041
156431 1.039
156530 1.039
156630 1.039
156729 1.039
156829 1.038
156929 1.038
157028 1.038
157128 1.038
157227 1.037
157327 1.036
157426 1.036
157526 1.036
157625 1.035
157725 1.034
157825 1.034
157924 1.034
158024 1.034
158123 1.033
158223 1.033
158322 1.033
158422 1.033
158521 1.032
158621 1.031
158721 1.031
158820 1.031
158920 1.029
159019 1.029
159119 1.029
159218 1.029
159318 1.028
159417 1.028
159517 1.028
159617 1.027
159716 1.026
159816 1.026
159915 1.026
160015 1.025
160114 1.024
160214 1.024
160313 1.024
160413 1.023
160513 1.023
160612 1.023
160712 1.022
160811 1.021
160911 1.021
161010 1.021
161110 1.020
161209 1.019
161309 1.019
161409 1.019
161508 1.018
161608 1.018
161707 1.018
161807 1.017
161906 1.016
162006 1.016
162105 1.016
162205 1.014
162304 1.014
162404 1.014
162504 1.013
162603 1.013
162703 1.013
162802 1.012
162902 1.011
163001 1.011
163101 1.011
163200 1.010
163300 1.009
163400 1.009
163499 1.009
163599 1.008
163698 1.008
163798 1.008
163897 1.006
163997 1.006
164096 1.006
164196 1.005
164296 1.004
164395 1.004
164495 1.004
164594 1.003
164694 1.003
164793 1.001
164893 1.001
164992 1.001
165092 1.000
165191 0.999
165291 0.999
165391 0.998
165490 0.998
165590 0.997
165689 0.996
165789 0.996
165888 0.995
165988 0.994
166087 0.994
166187 0.993
166286 0.993
166386 0.992
166486 0.991
166585 0.991
166685 0.990
166784 0.989
166884 0.989
166983 0.988
167083 0.988
167182 0.986
167282 0.986
167381 0.986
167481 0.984
167581 0.984
167680 0.983
167780 0.983
167879 0.982
167979 0.981
168078 0.981
168178 0.980
168277 0.979
168377 0.979
168477 0.978
168576 0.977
168676 0.976
168775 0.976
168875 0.975
168974 0.975
169074 0.974
169173 0.973
169273 0.973
169372 0.972
169472 0.971
169572 0.971
169671 0.970
169771 0.970
169870 0.969
169970 0.968
170069 0.968
170169 0.966
170268 0.966
170368 0.965
170468 0.965
170567 0.964
170667 0.963
170766 0.963
170866 0.962
170965 0.961
171065 0.961
171164 0.960
171264 0.959
171363 0.958
171463 0.958
171563 0.957
171662 0.956
171762 0.956
171861 0.955
171961 0.954
172060 0.953
172160 0.953
172259 0.952
172359 0.951
172459 0.950
172558 0.950
172658 0.949
172757 0.948
172857 0.947
172956 0.946
173056 0.946
173155 0.945
173255 0.944
173354 0.943
173454 0.943
173554 0.941
173653 0.941
173753 0.940
173852 0.940
173952 0.938
174051 0.938
174151 0.936
174250 0.936
174350 0.935
174450 0.935
174549 0.933
174649 0.933
174748 0.931
174848 0.931
174947 0.930
175047 0.930
175146 0.928
175246 0.928
175345 0.926
175445 0.926
175545 0.925
175644 0.924
175744 0.923
175843 0.922
175943 0.921
176042 0.921
176142 0.920
176241 0.918
176341 0.918
176441 0.917
176540 0.916
176640 0.915
176739 0.914
176839 0.913
176938 0.912
177038 0.911
177137 0.910
177237 0.909
177336 0.908
177436 0.907
177536 0.906
177635 0.905
177735 0.904
177834 0.903
177934 0.901
178033 0.900
178133 0.899
178232 0.898
178332 0.897
178432 0.896
178531 0.895
178631 0.894
178730 0.892
178830 0.892
178929 0.890
179029 0.889
179128 0.888
179228 0.887
179327 0.886
179427 0.885
179527 0.883
179626 0.882
179726 0.881
179825 0.880
179925 0.879
180024 0.878
180124 0.877
180223 0.875
180323 0.874
180423 0.873
180522 0.872
180622 0.870
180721 0.869
180821 0.868
180920 0.867
181020 0.865
181119 0.864
181219 0.862
181318 0.861
181418 0.860
181518 0.858
181617 0.857
181717 0.855
181816 0.854
181916 0.852
182015 0.851
182115 0.850
182214 0.848
182314 0.846
182414 0.845
182513 0.843
182613 0.842
182712 0.841
182812 0.839
182813 0.838
182814 0.838
182815 0.838
182816 0.838
182817 0.838
182818 0.838
182820 0.838
182821 0.838
182822 0.838
182823 0.838
182824 0.838
182825 0.838
182826 0.838
182827 0.838
182829 0.838
182830 0.838
182831 0.838
182832 0.838
182833 0.838
182834 0.838
182835 0.838
182836 0.838
182838 0.838
182839 0.838
182840 0.838
182841 0.838
182842 0.838
182843 0.838
182844 0.838
182846 0.838
182847 0.838
182848 0.838
182849 0.838
182850 0.838
182851 0.838
182852 0.838
182853 0.838
182855 0.838
182856 0.838
182857 0.838
182858 0.838
182859 0.838
182860 0.838
182861 0.838
182862 0.838
182864 0.838
182865 0.838
182866 0.838
182867 0.838
182868 0.838
182869 0.837
182870 0.837
182871 0.837
182873 0.838
182875 0.837
182877 0.838
182879 0.837
182882 0.837
182884 0.837
182886 0.837
182888 0.837
182890 0.837
182893 0.837
182895 0.837
182897 0.837
182899 0.837
182902 0.837
182904 0.837
182906 0.837
182908 0.837
182911 0.837
182913 0.837
182915 0.837
182917 0.837
182919 0.837
182922 0.837
182924 0.837
182926 0.837
182928 0.837
182931 0.837
182933 0.837
182935 0.837
182940 0.837
182944 0.837
182948 0.837
182953 0.837
182957 0.837
182962 0.837
182966 0.837
182971 0.837
182975 0.837
182980 0.837
182984 0.837
182988 0.836
182993 0.836
182997 0.835
183006 0.835
183015 0.835
183024 0.835
183033 0.835
183042 0.835
183051 0.835
183059 0.835
183077 0.835
183095 0.835
183113 0.834
183130 0.833
183166 0.833
183201 0.833
183272 0.832
183371 0.831
183471 0.830
183571 0.828
183670 0.827
183770 0.825
183869 0.824
183969 0.823
184068 0.822
184168 0.820
184267 0.819
184367 0.817
184466 0.816
184566 0.815
184666 0.813
184765 0.812
184865 0.810
184964 0.809
185064 0.808
185163 0.806
185263 0.805
185362 0.803
185462 0.802
185562 0.800
185661 0.799
185761 0.797
185860 0.796
185960 0.795
186059 0.793
186159 0.792
186258 0.790
186358 0.789
186457 0.787
186557 0.786
186657 0.784
186756 0.783
186856 0.782
186955 0.780
187055 0.778
187154 0.777
187254 0.775
187353 0.774
187453 0.772
187553 0.770
187652 0.769
187752 0.767
187851 0.766
187951 0.764
188050 0.763
188150 0.761
188249 0.760
188349 0.758
188448 0.757
188548 0.755
188648 0.753
188747 0.752
188847 0.750
188946 0.749
189046 0.747
189145 0.745
189245 0.743
189344 0.742
189444 0.740
189544 0.738
189643 0.736
189743 0.734
189842 0.733
189942 0.731
190041 0.729
190141 0.727
190240 0.725
190340 0.723
190439 0.722
190539 0.720
190639 0.718
190738 0.716
190838 0.714
190937 0.712
191037 0.710
191136 0.707
191236 0.705
191335 0.703
191435 0.700
191535 0.698
