# Este conjunto de dados, denominado CargaPilhasAA, é composto por vários arquivos com dados de descarga e de recuperação de pilhas AA de diversos fabricantes. Estes dados são distribuídos sob licença Creative Commons Attribution 4.0 (CC-BY). <http://creativecommons.org/licenses/by/4.0/>
# This dataset, named CargaPilhasAA, is composed of several files with discharge and recovery of AA batteries from several manufacturers. This dataset is licensed under a Creative Commons Attribution 4.0 International License (CC-BY). <http://creativecommons.org/licenses/by/4.0/>
# Galileu H. Oliveira, Rio de Janeiro, Brasil. Jan/2023.
# Fabricante: PANASONIC
# Tipo: alcalina
# Exemplar: 2
# Processo: descarga
# Corrente: 50 mA
# tempo (segundos)  tensão (volts)
Time PA2
0 1.624
1 1.567
3 1.517
4 1.522
5 1.525
6 1.527
7 1.527
8 1.529
9 1.530
10 1.531
12 1.531
13 1.532
14 1.532
15 1.534
16 1.534
17 1.534
18 1.534
19 1.536
21 1.536
22 1.536
23 1.536
24 1.536
25 1.537
26 1.537
27 1.537
28 1.537
30 1.537
31 1.537
32 1.539
34 1.539
36 1.539
38 1.539
41 1.540
43 1.541
45 1.541
47 1.541
50 1.541
52 1.541
54 1.542
56 1.542
59 1.542
61 1.542
63 1.542
65 1.542
67 1.544
70 1.544
72 1.544
74 1.544
76 1.544
79 1.544
81 1.544
83 1.544
85 1.544
88 1.544
90 1.544
92 1.544
94 1.544
99 1.544
103 1.544
108 1.544
112 1.545
116 1.545
121 1.546
125 1.546
130 1.546
134 1.546
139 1.546
143 1.546
148 1.546
152 1.546
156 1.546
165 1.546
174 1.546
183 1.546
192 1.545
201 1.545
210 1.544
219 1.544
236 1.544
254 1.544
272 1.544
289 1.544
325 1.542
360 1.542
431 1.541
531 1.539
630 1.537
730 1.535
829 1.532
929 1.530
1028 1.528
1128 1.526
1227 1.523
1327 1.521
1426 1.520
1526 1.518
1626 1.515
1725 1.514
1825 1.512
1924 1.510
2024 1.508
2123 1.506
2223 1.505
2322 1.503
2422 1.501
2522 1.500
2621 1.498
2721 1.497
2820 1.496
2920 1.494
3019 1.493
3119 1.491
3218 1.490
3318 1.489
3417 1.487
3517 1.486
3617 1.484
3716 1.483
3816 1.482
3915 1.481
4015 1.479
4114 1.478
4214 1.477
4313 1.476
4413 1.475
4512 1.474
4612 1.473
4712 1.472
4811 1.471
4911 1.470
5010 1.469
5110 1.468
5209 1.468
5309 1.466
5408 1.466
5508 1.464
5607 1.464
5707 1.463
5807 1.462
5906 1.461
6006 1.460
6105 1.459
6205 1.459
6304 1.458
6404 1.457
6503 1.456
6603 1.455
6702 1.454
6802 1.454
6902 1.453
7001 1.453
7101 1.451
7200 1.451
7300 1.449
7399 1.449
7499 1.449
7598 1.448
7698 1.447
7798 1.446
7897 1.446
7997 1.444
8096 1.444
8196 1.443
8295 1.443
8395 1.442
8494 1.441
8594 1.441
8693 1.439
8793 1.439
8893 1.438
8992 1.438
9092 1.437
9191 1.436
9291 1.436
9390 1.435
9490 1.434
9589 1.434
9689 1.433
9788 1.433
9888 1.432
9988 1.431
10087 1.431
10187 1.430
10286 1.429
10386 1.429
10485 1.428
10585 1.428
10684 1.427
10784 1.426
10884 1.426
10983 1.425
11083 1.424
11182 1.424
11282 1.423
11381 1.423
11481 1.423
11580 1.422
11680 1.421
11779 1.421
11879 1.420
11979 1.419
12078 1.419
12178 1.419
12277 1.418
12377 1.418
12476 1.417
12576 1.416
12675 1.416
12775 1.415
12875 1.414
12974 1.414
13074 1.414
13173 1.413
13273 1.413
13372 1.413
13472 1.412
13571 1.411
13671 1.411
13770 1.411
13870 1.410
13970 1.409
14069 1.409
14169 1.409
14268 1.408
14368 1.408
14467 1.408
14567 1.408
14666 1.406
14766 1.406
14865 1.406
14965 1.406
15065 1.405
15164 1.404
15264 1.404
15363 1.404
15463 1.403
15562 1.403
15662 1.403
15761 1.403
15861 1.402
15961 1.401
16060 1.401
16160 1.401
16259 1.400
16359 1.400
16458 1.400
16558 1.400
16657 1.400
16757 1.399
16856 1.398
16956 1.398
17056 1.398
17155 1.397
17255 1.396
17354 1.396
17454 1.396
17553 1.396
17653 1.395
17752 1.395
17852 1.395
17951 1.395
18051 1.394
18151 1.393
18250 1.393
18350 1.393
18449 1.393
18549 1.393
18648 1.392
18748 1.391
18847 1.391
18947 1.391
19047 1.390
19146 1.390
19246 1.390
19345 1.390
19445 1.390
19544 1.389
19644 1.388
19743 1.388
19843 1.388
19942 1.388
20042 1.388
20142 1.386
20241 1.386
20341 1.386
20440 1.386
20540 1.386
20639 1.386
20739 1.385
20838 1.385
20938 1.385
21037 1.385
21137 1.384
21237 1.383
21336 1.383
21436 1.383
21535 1.383
21635 1.382
21734 1.381
21834 1.381
21933 1.381
22033 1.381
22133 1.381
22232 1.381
22332 1.381
22431 1.380
22531 1.380
22630 1.380
22730 1.379
22829 1.378
22929 1.378
23028 1.378
23128 1.378
23228 1.378
23327 1.378
23427 1.377
23526 1.376
23626 1.376
23725 1.376
23825 1.376
23924 1.376
24024 1.375
24124 1.375
24223 1.375
24323 1.375
24422 1.375
24522 1.374
24621 1.373
24721 1.373
24820 1.373
24920 1.373
25020 1.373
25119 1.372
25219 1.371
25318 1.371
25418 1.371
25517 1.371
25617 1.371
25716 1.370
25816 1.370
25915 1.370
26015 1.370
26115 1.370
26214 1.369
26314 1.368
26413 1.368
26513 1.368
26612 1.368
26712 1.368
26811 1.366
26911 1.366
27011 1.366
27110 1.366
27210 1.366
27309 1.365
27409 1.365
27508 1.365
27608 1.365
27707 1.365
27807 1.364
27907 1.363
28006 1.363
28106 1.363
28205 1.363
28305 1.363
28404 1.363
28504 1.361
28603 1.361
28703 1.361
28802 1.361
28902 1.361
29002 1.361
29101 1.360
29201 1.360
29300 1.360
29400 1.360
29499 1.360
29599 1.358
29698 1.358
29798 1.358
29898 1.358
29997 1.358
30097 1.358
30196 1.356
30296 1.356
30395 1.356
30495 1.356
30594 1.356
30694 1.356
30793 1.355
30893 1.355
30993 1.355
31092 1.355
31192 1.355
31291 1.355
31391 1.353
31490 1.353
31590 1.353
31689 1.353
31789 1.353
31889 1.353
31988 1.351
32088 1.351
32187 1.351
32287 1.351
32386 1.351
32486 1.351
32585 1.350
32685 1.350
32785 1.350
32884 1.350
32984 1.350
33083 1.349
33183 1.348
33282 1.348
33382 1.348
33481 1.348
33581 1.348
33680 1.347
33780 1.346
33880 1.346
33979 1.346
34079 1.346
34178 1.346
34278 1.345
34377 1.345
34477 1.345
34576 1.345
34676 1.345
34776 1.344
34875 1.343
34975 1.343
35074 1.343
35174 1.343
35273 1.343
35373 1.343
35472 1.341
35572 1.341
35672 1.341
35771 1.341
35871 1.341
35970 1.341
36070 1.340
36169 1.340
36269 1.340
36368 1.340
36468 1.340
36568 1.339
36667 1.338
36767 1.338
36866 1.338
36966 1.338
37065 1.338
37165 1.338
37264 1.337
37364 1.336
37463 1.336
37563 1.336
37663 1.336
37762 1.336
37862 1.335
37961 1.335
38061 1.335
38160 1.335
38260 1.335
38359 1.335
38459 1.335
38559 1.334
38658 1.333
38758 1.333
38857 1.333
38957 1.333
39056 1.333
39156 1.333
39255 1.332
39355 1.331
39455 1.331
39554 1.331
39654 1.331
39753 1.331
39853 1.331
39952 1.330
40052 1.330
40151 1.330
40251 1.330
40351 1.330
40450 1.330
40550 1.328
40649 1.328
40749 1.328
40848 1.328
40948 1.328
41047 1.328
41147 1.328
41247 1.327
41346 1.326
41446 1.326
41545 1.326
41645 1.326
41744 1.326
41844 1.325
41943 1.325
42043 1.325
42143 1.325
42242 1.325
42342 1.325
42441 1.324
42541 1.323
42640 1.323
42740 1.323
42839 1.323
42939 1.323
43038 1.322
43138 1.322
43238 1.321
43337 1.321
43437 1.321
43536 1.321
43636 1.321
43735 1.320
43835 1.320
43934 1.320
44034 1.320
44134 1.320
44233 1.320
44333 1.319
44432 1.318
44532 1.318
44631 1.318
44731 1.318
44830 1.318
44930 1.318
45030 1.317
45129 1.317
45229 1.317
45328 1.317
45428 1.317
45527 1.317
45627 1.316
45726 1.315
45826 1.315
45926 1.315
46025 1.315
46125 1.315
46224 1.315
46324 1.315
46423 1.314
46523 1.313
46622 1.313
46722 1.313
46822 1.313
46921 1.313
47021 1.313
47120 1.312
47220 1.312
47319 1.312
47419 1.312
47518 1.312
47618 1.312
47718 1.311
47817 1.310
47917 1.310
48016 1.310
48116 1.310
48215 1.310
48315 1.310
48414 1.310
48514 1.309
48614 1.308
48713 1.308
48813 1.308
48912 1.308
49012 1.308
49111 1.308
49211 1.308
49310 1.307
49410 1.307
49509 1.307
49609 1.307
49709 1.307
49808 1.307
49908 1.307
50007 1.306
50107 1.306
50206 1.305
50306 1.305
50405 1.305
50505 1.305
50605 1.305
50704 1.305
50804 1.305
50903 1.304
51003 1.303
51102 1.303
51202 1.303
51301 1.303
51401 1.303
51500 1.303
51600 1.303
51700 1.302
51799 1.302
51899 1.302
51998 1.302
52098 1.302
52197 1.302
52297 1.302
52396 1.302
52496 1.301
52596 1.300
52695 1.300
52795 1.300
52894 1.300
52994 1.300
53093 1.300
53193 1.300
53292 1.299
53392 1.298
53492 1.298
53591 1.298
53691 1.298
53790 1.298
53890 1.298
53989 1.298
54089 1.298
54188 1.297
54288 1.297
54388 1.297
54487 1.297
54587 1.297
54686 1.297
54786 1.297
54885 1.296
54985 1.295
55084 1.295
55184 1.295
55283 1.295
55383 1.295
55483 1.295
55582 1.295
55682 1.295
55781 1.295
55881 1.294
55980 1.293
56080 1.293
56179 1.293
56279 1.293
56379 1.293
56478 1.293
56578 1.293
56677 1.293
56777 1.292
56876 1.292
56976 1.292
57075 1.292
57175 1.292
57275 1.292
57374 1.292
57474 1.291
57573 1.290
57673 1.290
57772 1.290
57872 1.290
57971 1.290
58071 1.290
58171 1.290
58270 1.290
58370 1.290
58469 1.289
58569 1.288
58668 1.288
58768 1.288
58867 1.288
58967 1.288
59066 1.288
59166 1.288
59266 1.288
59365 1.287
59465 1.287
59564 1.287
59664 1.287
59763 1.287
59863 1.287
59962 1.287
60062 1.287
60162 1.286
60261 1.285
60361 1.285
60460 1.285
60560 1.285
60659 1.285
60759 1.285
60858 1.285
60958 1.285
61058 1.285
61157 1.284
61257 1.284
61356 1.283
61456 1.283
61555 1.283
61655 1.283
61754 1.283
61854 1.283
61954 1.283
62053 1.282
62153 1.282
62252 1.282
62352 1.282
62451 1.282
62551 1.282
62650 1.282
62750 1.282
62849 1.282
62949 1.282
63049 1.281
63148 1.280
63248 1.280
63347 1.280
63447 1.280
63546 1.280
63646 1.280
63745 1.280
63845 1.280
63945 1.279
64044 1.279
64144 1.278
64243 1.278
64343 1.278
64442 1.278
64542 1.278
64641 1.278
64741 1.278
64841 1.278
64940 1.278
65040 1.277
65139 1.277
65239 1.277
65338 1.277
65438 1.277
65537 1.277
65637 1.277
65736 1.277
65836 1.277
65936 1.276
66035 1.275
66135 1.275
66234 1.275
66334 1.275
66433 1.275
66533 1.275
66632 1.275
66732 1.274
66832 1.273
66931 1.273
67031 1.273
67130 1.273
67230 1.273
67329 1.273
67429 1.273
67528 1.273
67628 1.273
67728 1.273
67827 1.273
67927 1.273
68026 1.272
68126 1.272
68225 1.272
68325 1.272
68424 1.272
68524 1.272
68624 1.272
68723 1.272
68823 1.272
68922 1.271
69022 1.270
69121 1.270
69221 1.270
69320 1.270
69420 1.270
69520 1.270
69619 1.270
69719 1.270
69818 1.270
69918 1.270
70017 1.269
70117 1.268
70216 1.268
70316 1.268
70415 1.268
70515 1.268
70615 1.268
70714 1.268
70814 1.268
70913 1.268
71013 1.267
71112 1.267
71212 1.267
71311 1.267
71411 1.267
71511 1.267
71610 1.267
71710 1.267
71809 1.267
71909 1.266
72008 1.265
72108 1.265
72207 1.265
72307 1.265
72407 1.265
72506 1.265
72606 1.265
72705 1.265
72805 1.264
72904 1.263
73004 1.263
73103 1.263
73203 1.263
73303 1.263
73402 1.263
73502 1.263
73601 1.263
73701 1.263
73800 1.263
73900 1.262
73999 1.262
74099 1.262
74199 1.262
74298 1.262
74398 1.262
74497 1.262
74597 1.262
74696 1.262
74796 1.261
74895 1.260
74995 1.260
75094 1.260
75194 1.260
75294 1.260
75393 1.260
75493 1.260
75592 1.260
75692 1.260
75791 1.259
75891 1.259
75990 1.258
76090 1.258
76190 1.258
76289 1.258
76389 1.258
76488 1.258
76588 1.258
76687 1.258
76787 1.257
76886 1.257
76986 1.257
77086 1.257
77185 1.257
77285 1.257
77384 1.257
77484 1.257
77583 1.257
77683 1.257
77782 1.256
77882 1.255
77982 1.255
78081 1.255
78181 1.255
78280 1.255
78380 1.255
78479 1.255
78579 1.255
78678 1.255
78778 1.254
78878 1.253
78977 1.253
79077 1.253
79176 1.253
79276 1.253
79375 1.253
79475 1.253
79574 1.253
79674 1.253
79774 1.253
79873 1.252
79973 1.252
80072 1.252
80172 1.252
80271 1.252
80371 1.252
80470 1.252
80570 1.252
80669 1.252
80769 1.251
80869 1.250
80968 1.250
81068 1.250
81167 1.250
81267 1.250
81366 1.250
81466 1.250
81565 1.250
81665 1.250
81765 1.249
81864 1.249
81964 1.248
82063 1.248
82163 1.248
82262 1.248
82362 1.248
82461 1.248
82561 1.248
82661 1.248
82760 1.247
82860 1.247
82959 1.247
83059 1.247
83158 1.247
83258 1.247
83357 1.247
83457 1.247
83556 1.247
83656 1.247
83756 1.246
83855 1.245
83955 1.245
84054 1.245
84154 1.245
84253 1.245
84353 1.245
84452 1.245
84552 1.245
84652 1.245
84751 1.245
84851 1.244
84950 1.244
85050 1.243
85149 1.243
85249 1.243
85348 1.243
85448 1.243
85548 1.243
85647 1.243
85747 1.243
85846 1.243
85946 1.243
86045 1.242
86145 1.242
86244 1.242
86344 1.242
86444 1.242
86543 1.242
86643 1.242
86742 1.242
86842 1.242
86941 1.242
87041 1.242
87140 1.242
87240 1.242
87340 1.242
87439 1.242
87539 1.242
87638 1.242
87738 1.242
87837 1.242
87937 1.242
88036 1.242
88136 1.241
88236 1.241
88335 1.240
88435 1.240
88534 1.240
88634 1.240
88733 1.240
88833 1.240
88932 1.240
89032 1.240
89131 1.240
89231 1.240
89331 1.240
89430 1.240
89530 1.240
89629 1.240
89729 1.240
89828 1.240
89928 1.240
90027 1.239
90127 1.239
90227 1.239
90326 1.238
90426 1.238
90525 1.238
90625 1.238
90724 1.238
90824 1.238
90923 1.238
91023 1.238
91123 1.237
91222 1.237
91322 1.237
91421 1.237
91521 1.237
91620 1.237
91720 1.237
91819 1.237
91919 1.237
92019 1.236
92118 1.235
92218 1.235
92317 1.235
92417 1.235
92516 1.235
92616 1.235
92715 1.235
92815 1.234
92914 1.233
93014 1.233
93114 1.233
93213 1.233
93313 1.233
93412 1.233
93512 1.233
93611 1.233
93711 1.233
93810 1.232
93910 1.232
94010 1.232
94109 1.232
94209 1.232
94308 1.232
94408 1.231
94507 1.230
94607 1.230
94706 1.230
94806 1.230
94906 1.230
95005 1.230
95105 1.230
95204 1.230
95304 1.230
95403 1.230
95503 1.229
95602 1.229
95702 1.229
95802 1.229
95901 1.229
96001 1.229
96100 1.229
96200 1.229
96299 1.229
96399 1.228
96498 1.227
96598 1.227
96698 1.227
96797 1.227
96897 1.227
96996 1.227
97096 1.227
97195 1.227
97295 1.227
97394 1.227
97494 1.226
97594 1.225
97693 1.225
97793 1.225
97892 1.225
97992 1.225
98091 1.225
98191 1.225
98290 1.224
98390 1.224
98490 1.224
98589 1.224
98689 1.224
98788 1.223
98888 1.223
98987 1.222
99087 1.222
99186 1.222
99286 1.222
99385 1.222
99485 1.222
99585 1.222
99684 1.221
99784 1.220
99883 1.220
99983 1.220
100082 1.220
100182 1.220
100281 1.220
100381 1.220
100481 1.220
100580 1.220
100680 1.219
100779 1.219
100879 1.219
100978 1.219
101078 1.219
101177 1.219
101277 1.218
101377 1.217
101476 1.217
101576 1.217
101675 1.217
101775 1.217
101874 1.217
101974 1.217
102073 1.217
102173 1.217
102273 1.216
102372 1.216
102472 1.215
102571 1.215
102671 1.215
102770 1.215
102870 1.215
102969 1.215
103069 1.215
103169 1.215
103268 1.214
103368 1.214
103467 1.214
103567 1.214
103666 1.214
103766 1.214
103865 1.214
103965 1.214
104065 1.213
104164 1.212
104264 1.212
104363 1.212
104463 1.212
104562 1.212
104662 1.212
104761 1.212
104861 1.212
104960 1.211
105060 1.210
105160 1.210
105259 1.210
105359 1.210
105458 1.210
105558 1.210
105657 1.210
105757 1.209
105856 1.209
105956 1.209
106056 1.209
106155 1.209
106255 1.209
106354 1.208
106454 1.207
106553 1.207
106653 1.207
106752 1.207
106852 1.206
106952 1.205
107051 1.205
107151 1.205
107250 1.205
107350 1.205
107449 1.204
107549 1.204
107648 1.204
107748 1.204
107848 1.204
107947 1.204
108047 1.204
108146 1.203
108246 1.202
108345 1.202
108445 1.202
108544 1.202
108644 1.202
108744 1.202
108843 1.201
108943 1.200
109042 1.200
109142 1.200
109241 1.200
109341 1.200
109440 1.200
109540 1.199
109639 1.199
109739 1.199
109839 1.199
109938 1.199
110038 1.199
110137 1.199
110237 1.198
110336 1.197
110436 1.197
110535 1.197
110635 1.197
110735 1.197
110834 1.197
110934 1.196
111033 1.195
111133 1.195
111232 1.195
111332 1.195
111431 1.195
111531 1.195
111631 1.194
111730 1.194
111830 1.194
111929 1.194
112029 1.194
112128 1.193
112228 1.192
112327 1.192
112427 1.192
112527 1.192
112626 1.192
112726 1.192
112825 1.190
112925 1.190
113024 1.190
113124 1.190
113223 1.189
113323 1.189
113423 1.189
113522 1.189
113622 1.189
113721 1.189
113821 1.189
113920 1.189
114020 1.188
114119 1.187
114219 1.187
114319 1.187
114418 1.187
114518 1.187
114617 1.187
114717 1.187
114816 1.186
114916 1.185
115015 1.185
115115 1.185
115214 1.184
115314 1.184
115414 1.184
115513 1.184
115613 1.184
115712 1.184
115812 1.183
115911 1.182
116011 1.182
116110 1.182
116210 1.182
116310 1.182
116409 1.182
116509 1.181
116608 1.180
116708 1.180
116807 1.180
116907 1.180
117006 1.179
117106 1.179
117206 1.179
117305 1.179
117405 1.179
117504 1.179
117604 1.177
117703 1.177
117803 1.177
117902 1.177
118002 1.177
118102 1.176
118201 1.175
118301 1.175
118400 1.175
118500 1.175
118599 1.175
118699 1.174
118798 1.174
118898 1.174
118998 1.174
119097 1.174
119197 1.174
119296 1.173
119396 1.172
119495 1.172
119595 1.172
119694 1.172
119794 1.172
119894 1.171
119993 1.170
120093 1.170
120192 1.170
120292 1.170
120391 1.170
120491 1.169
120590 1.169
120690 1.169
120790 1.169
120889 1.169
120989 1.168
121088 1.167
121188 1.167
121287 1.167
121387 1.167
121486 1.167
121586 1.167
121685 1.166
121785 1.165
121885 1.165
121984 1.165
122084 1.165
122183 1.165
122283 1.164
122382 1.164
122482 1.164
122581 1.164
122681 1.164
122781 1.164
122880 1.163
122980 1.162
123079 1.162
123179 1.162
123278 1.162
123378 1.162
123477 1.161
123577 1.160
123677 1.160
123776 1.160
123876 1.160
123975 1.160
124075 1.160
124174 1.159
124274 1.159
124373 1.159
124473 1.159
124573 1.159
124672 1.159
124772 1.157
124871 1.157
124971 1.157
125070 1.157
125170 1.157
125269 1.157
125369 1.156
125469 1.155
125568 1.155
125668 1.155
125767 1.155
125867 1.155
125966 1.154
126066 1.154
126165 1.154
126265 1.154
126365 1.153
126464 1.152
126564 1.152
126663 1.152
126763 1.152
126862 1.152
126962 1.151
127061 1.150
127161 1.150
127261 1.150
127360 1.150
127460 1.150
127559 1.149
127659 1.149
127758 1.149
127858 1.149
127957 1.149
128057 1.147
128156 1.147
128256 1.147
128356 1.147
128455 1.147
128555 1.147
128654 1.146
128754 1.146
128853 1.146
128953 1.146
129052 1.145
129152 1.144
129252 1.144
129351 1.144
129451 1.144
129550 1.144
129650 1.142
129749 1.142
129849 1.142
129948 1.142
130048 1.142
130148 1.141
130247 1.141
130347 1.141
130446 1.141
130546 1.141
130645 1.140
130745 1.139
130844 1.139
130944 1.139
131044 1.138
131143 1.137
131243 1.137
131342 1.137
131442 1.137
131541 1.137
131641 1.136
131740 1.136
131840 1.136
131940 1.136
132039 1.135
132139 1.134
132238 1.134
132338 1.134
132437 1.133
132537 1.132
132636 1.132
132736 1.132
132836 1.132
132935 1.131
133035 1.131
133134 1.131
133234 1.131
133333 1.130
133433 1.129
133532 1.129
133632 1.129
133732 1.129
133831 1.128
133931 1.127
134030 1.127
134130 1.127
134229 1.126
134329 1.126
134428 1.126
134528 1.126
134628 1.125
134727 1.124
134827 1.124
134926 1.124
135026 1.124
135125 1.122
135225 1.122
135324 1.122
135424 1.122
135524 1.121
135623 1.121
135723 1.121
135822 1.121
135922 1.119
136021 1.119
136121 1.119
136220 1.119
136320 1.117
136420 1.117
136519 1.117
136619 1.117
136718 1.116
136818 1.116
136917 1.116
137017 1.116
137116 1.115
137216 1.114
137315 1.114
137415 1.114
137515 1.112
137614 1.112
137714 1.112
137813 1.112
137913 1.111
138012 1.111
138112 1.111
138211 1.110
138311 1.109
138411 1.109
138510 1.109
138610 1.108
138709 1.107
138809 1.107
138908 1.107
139008 1.106
139107 1.106
139207 1.106
139307 1.105
139406 1.104
139506 1.104
139605 1.104
139705 1.102
139804 1.102
139904 1.102
140003 1.102
140103 1.101
140203 1.101
140302 1.100
140402 1.099
140501 1.099
140601 1.099
140700 1.098
140800 1.097
140899 1.097
140999 1.097
141099 1.096
141198 1.096
141298 1.096
141397 1.095
141497 1.094
141596 1.094
141696 1.094
141795 1.092
141895 1.092
141995 1.092
142094 1.091
142194 1.091
142293 1.091
142393 1.090
142492 1.089
142592 1.089
142691 1.089
142791 1.088
142891 1.087
142990 1.087
143090 1.086
143189 1.086
143289 1.086
143388 1.084
143488 1.084
143587 1.084
143687 1.083
143787 1.082
143886 1.082
143986 1.081
144085 1.081
144185 1.081
144284 1.080
144384 1.079
144483 1.079
144583 1.078
144682 1.077
144782 1.077
144882 1.076
144981 1.076
145081 1.076
145180 1.075
145280 1.074
145379 1.074
145479 1.073
145578 1.072
145678 1.072
145778 1.071
145877 1.071
145977 1.071
146076 1.069
146176 1.069
146275 1.069
146375 1.068
146474 1.067
146574 1.067
146674 1.066
146773 1.066
146873 1.065
146972 1.064
147072 1.064
147171 1.063
147271 1.063
147370 1.063
147470 1.062
147570 1.061
147669 1.061
147769 1.059
147868 1.059
147968 1.059
148067 1.058
148167 1.058
148266 1.057
148366 1.056
148465 1.056
148565 1.055
148665 1.054
148764 1.054
148864 1.054
148963 1.053
149063 1.053
149162 1.052
149262 1.051
149361 1.051
149461 1.051
149561 1.050
149660 1.049
149760 1.049
149859 1.048
149959 1.048
150058 1.048
150158 1.047
150257 1.046
150357 1.046
150457 1.046
150556 1.045
150656 1.044
150755 1.044
150855 1.044
150954 1.043
151054 1.043
151153 1.043
151253 1.042
151353 1.041
151452 1.041
151552 1.041
151651 1.041
151751 1.039
151850 1.039
151950 1.039
152049 1.039
152149 1.038
152248 1.038
152348 1.038
152448 1.038
152547 1.037
152647 1.036
152746 1.036
152846 1.036
152945 1.036
153045 1.034
153144 1.034
153244 1.034
153344 1.034
153443 1.033
153543 1.033
153642 1.033
153742 1.033
153841 1.032
153941 1.031
154040 1.031
154140 1.031
154240 1.031
154339 1.029
154439 1.029
154538 1.029
154638 1.029
154737 1.028
154837 1.028
154936 1.028
155036 1.027
155136 1.026
155235 1.026
155335 1.026
155434 1.024
155534 1.024
155633 1.024
155733 1.024
155832 1.023
155932 1.023
156032 1.023
156131 1.021
156231 1.021
156330 1.021
156430 1.020
156529 1.019
156629 1.019
156728 1.019
156828 1.018
156928 1.018
157027 1.018
157127 1.016
157226 1.016
157326 1.016
157425 1.015
157525 1.014
157624 1.014
157724 1.014
157824 1.013
157923 1.013
158023 1.013
158122 1.011
158222 1.011
158321 1.011
158421 1.010
158520 1.009
158620 1.009
158720 1.009
158819 1.008
158919 1.008
159018 1.007
159118 1.006
159217 1.006
159317 1.006
159416 1.004
159516 1.004
159615 1.004
159715 1.003
159815 1.003
159914 1.003
160014 1.001
160113 1.001
160213 1.001
160312 1.000
160412 0.999
160511 0.999
160611 0.998
160711 0.998
160810 0.997
160910 0.996
161009 0.996
161109 0.996
161208 0.995
161308 0.994
161407 0.994
161507 0.993
161606 0.993
161706 0.992
161806 0.991
161905 0.991
162005 0.990
162104 0.989
162204 0.989
162303 0.989
162403 0.988
162502 0.988
162602 0.987
162701 0.986
162801 0.986
162901 0.985
163000 0.984
163100 0.984
163199 0.984
163299 0.983
163398 0.983
163498 0.983
163597 0.981
163697 0.981
163797 0.981
163896 0.979
163996 0.979
164095 0.978
164195 0.978
164294 0.978
164394 0.977
164493 0.976
164593 0.976
164692 0.975
164792 0.975
164892 0.974
164991 0.973
165091 0.973
165190 0.972
165290 0.971
165389 0.971
165489 0.970
165588 0.970
165688 0.969
165787 0.968
165887 0.968
165987 0.967
166086 0.966
166186 0.966
166285 0.965
166385 0.965
166484 0.964
166584 0.963
166683 0.963
166783 0.962
166883 0.961
166982 0.961
167082 0.960
167181 0.960
167281 0.959
167380 0.958
167480 0.958
167579 0.956
167679 0.956
167778 0.956
167878 0.955
167978 0.954
168077 0.953
168177 0.953
168276 0.951
168376 0.951
168475 0.950
168575 0.950
168674 0.949
168774 0.948
168874 0.948
168973 0.947
169073 0.946
169172 0.945
169272 0.945
169371 0.944
169471 0.943
169570 0.943
169670 0.942
169769 0.941
169869 0.940
169969 0.940
170068 0.939
170168 0.938
170267 0.938
170367 0.936
170466 0.936
170566 0.935
170665 0.935
170765 0.933
170865 0.933
170964 0.932
171064 0.931
171163 0.930
171263 0.930
171362 0.929
171462 0.928
171561 0.927
171661 0.926
171760 0.926
171860 0.925
171960 0.924
172059 0.923
172159 0.923
172258 0.921
172358 0.921
172457 0.920
172557 0.919
172656 0.918
172756 0.918
172856 0.916
172955 0.916
173055 0.915
173154 0.914
173254 0.913
173353 0.913
173453 0.911
173552 0.911
173652 0.910
173751 0.908
173851 0.908
173951 0.907
174050 0.906
174150 0.905
174249 0.904
174349 0.903
174448 0.902
174548 0.901
174647 0.900
174747 0.899
174846 0.898
174946 0.897
175046 0.896
175145 0.895
175245 0.894
175344 0.893
175444 0.892
175543 0.891
175643 0.890
175742 0.889
175842 0.888
175942 0.887
176041 0.885
176141 0.884
176240 0.883
176340 0.882
176439 0.881
176539 0.879
176638 0.878
176738 0.877
176838 0.875
176937 0.874
177037 0.873
177136 0.872
177236 0.870
177335 0.869
177435 0.868
177534 0.866
177634 0.865
177733 0.864
177833 0.862
177933 0.861
178032 0.860
178132 0.859
178231 0.857
178331 0.856
178430 0.854
178530 0.853
178629 0.852
178729 0.850
178828 0.849
178928 0.847
179028 0.846
179127 0.844
179227 0.843
179326 0.841
179426 0.840
179525 0.838
179625 0.837
179724 0.835
179824 0.834
179923 0.833
180023 0.831
180123 0.829
180222 0.828
180322 0.826
180323 0.825
180324 0.825
180325 0.825
180326 0.825
180327 0.825
180328 0.825
180330 0.825
180331 0.825
180332 0.825
180333 0.825
180334 0.825
180335 0.825
180336 0.825
180337 0.825
180339 0.825
180340 0.825
180341 0.825
180342 0.825
180343 0.825
180344 0.825
180345 0.825
180346 0.825
180348 0.825
180349 0.825
180350 0.825
180351 0.825
180352 0.825
180353 0.825
180354 0.825
180355 0.825
180357 0.825
180358 0.825
180359 0.825
180360 0.825
180361 0.825
180362 0.825
180363 0.825
180365 0.825
180366 0.825
180367 0.825
180368 0.825
180369 0.825
180370 0.825
180371 0.825
180372 0.825
180374 0.824
180375 0.823
180376 0.825
180377 0.824
180378 0.824
180379 0.824
180380 0.823
180381 0.824
180383 0.824
180385 0.823
180387 0.823
180389 0.823
180391 0.823
180394 0.823
180396 0.823
180398 0.823
180400 0.823
180403 0.823
180405 0.823
180407 0.823
180409 0.823
180412 0.823
180414 0.823
180416 0.823
180418 0.823
180421 0.823
180423 0.823
180425 0.823
180427 0.823
180429 0.823
180432 0.823
180434 0.823
180436 0.823
180438 0.823
180441 0.823
180443 0.823
180445 0.823
180450 0.823
180454 0.823
180458 0.823
180463 0.823
180467 0.823
180472 0.823
180476 0.823
180481 0.823
180485 0.822
180490 0.822
180494 0.822
180498 0.822
180503 0.822
180507 0.822
180516 0.822
180525 0.822
180534 0.822
180543 0.822
180552 0.822
180561 0.822
180569 0.822
180587 0.822
180605 0.821
180623 0.820
180640 0.820
180676 0.820
180711 0.819
180782 0.818
180881 0.817
180981 0.815
181081 0.814
181180 0.812
181280 0.810
181379 0.808
181479 0.807
181578 0.805
181678 0.803
181777 0.801
181877 0.799
181976 0.797
182076 0.795
182176 0.793
182275 0.791
182375 0.790
182474 0.788
182574 0.786
182673 0.784
182773 0.782
182872 0.780
182972 0.777
183072 0.775
183171 0.773
183271 0.771
183370 0.769
183470 0.767
183569 0.764
183669 0.762
183768 0.760
183868 0.758
183967 0.756
184067 0.754
184167 0.752
184266 0.750
184366 0.747
184465 0.745
184565 0.743
184664 0.740
184764 0.738
184863 0.736
184963 0.733
185063 0.731
185162 0.728
185262 0.726
185361 0.723
185461 0.721
185560 0.718
185660 0.715
185759 0.713
185859 0.710
185959 0.707
186058 0.704
186158 0.701
186257 0.698
