# Este conjunto de dados, denominado CargaPilhasAA, é composto por vários arquivos com dados de descarga e de recuperação de pilhas AA de diversos fabricantes. Estes dados são distribuídos sob licença Creative Commons Attribution 4.0 (CC-BY). <http://creativecommons.org/licenses/by/4.0/>
# This dataset, named CargaPilhasAA, is composed of several files with discharge and recovery of AA batteries from several manufacturers. This dataset is licensed under a Creative Commons Attribution 4.0 International License (CC-BY). <http://creativecommons.org/licenses/by/4.0/>
# Galileu H. Oliveira, Rio de Janeiro, Brasil. Jan/2023.
# Fabricante: PANASONIC
# Tipo: alcalina
# Exemplar: 2
# Processo: recuperação
# Corrente: 0 mA
# tempo (segundos)  tensão (volts)
Time PA2
186257 0.698
186258 0.794
186259 0.810
186261 0.821
186262 0.830
186263 0.837
186264 0.843
186265 0.848
186266 0.852
186267 0.856
186268 0.859
186270 0.862
186271 0.866
186272 0.869
186273 0.871
186274 0.874
186275 0.876
186276 0.878
186277 0.881
186279 0.882
186280 0.884
186281 0.886
186282 0.887
186283 0.890
186284 0.891
186285 0.892
186286 0.894
186288 0.896
186289 0.896
186290 0.898
186291 0.900
186292 0.901
186293 0.902
186294 0.903
186295 0.905
186297 0.906
186298 0.906
186299 0.908
186300 0.909
186301 0.910
186302 0.911
186303 0.912
186305 0.913
186306 0.914
186307 0.915
186308 0.916
186309 0.916
186310 0.918
186311 0.919
186312 0.920
186314 0.921
186315 0.921
186316 0.922
186317 0.923
186318 0.924
186320 0.925
186323 0.927
186325 0.928
186327 0.930
186329 0.932
186331 0.933
186334 0.935
186336 0.936
186338 0.938
186340 0.939
186343 0.940
186345 0.941
186347 0.941
186349 0.943
186352 0.943
186354 0.944
186356 0.945
186358 0.945
186360 0.945
186363 0.946
186365 0.947
186367 0.948
186369 0.948
186372 0.948
186374 0.948
186376 0.950
186378 0.950
186381 0.950
186385 0.951
186389 0.951
186394 0.952
186398 0.953
186403 0.953
186407 0.954
186412 0.955
186416 0.955
186421 0.956
186425 0.956
186429 0.956
186434 0.957
186438 0.958
186443 0.958
186452 0.959
186461 0.960
186469 0.961
186478 0.961
186487 0.962
186496 0.963
186505 0.963
186523 0.965
186540 0.966
186558 0.968
186576 0.969
186611 0.970
186647 0.972
186717 0.975
186817 0.980
186916 0.984
187016 0.987
187116 0.991
187215 0.994
187315 0.996
187414 0.999
187514 1.001
187613 1.003
187713 1.005
187812 1.007
187912 1.008
188011 1.010
188111 1.012
188211 1.013
188310 1.014
188410 1.016
188509 1.017
188609 1.018
188708 1.019
188808 1.020
188907 1.021
189007 1.023
189107 1.023
189206 1.024
189306 1.025
189405 1.026
189505 1.027
189604 1.028
189704 1.029
189803 1.029
189903 1.030
190002 1.031
190102 1.032
190202 1.033
190301 1.033
190401 1.034
190500 1.034
190600 1.035
190699 1.036
190799 1.036
190898 1.037
190998 1.038
191098 1.038
191197 1.039
191297 1.039
191396 1.040
191496 1.041
191595 1.041
191695 1.042
191794 1.043
191894 1.043
191994 1.043
192093 1.044
192193 1.044
192292 1.044
192392 1.046
192491 1.046
192591 1.046
192690 1.046
192790 1.048
192889 1.048
192989 1.048
193089 1.048
193188 1.049
193288 1.049
193387 1.049
193487 1.050
193586 1.051
193686 1.051
193785 1.051
193885 1.051
193985 1.051
193986 1.053
193987 1.053
193988 1.053
193989 1.053
193990 1.053
193991 1.053
193992 1.053
193994 1.053
193995 1.053
193996 1.053
193997 1.052
193998 1.053
193999 1.053
194000 1.053
194001 1.053
194003 1.053
194004 1.053
194005 1.052
194006 1.053
194007 1.052
194008 1.053
194009 1.053
194010 1.053
194012 1.052
194013 1.053
194014 1.053
194015 1.053
194016 1.053
194017 1.053
194018 1.053
194019 1.053
194021 1.053
194022 1.053
194023 1.053
194024 1.053
194025 1.053
194026 1.053
194027 1.053
194029 1.053
194030 1.053
194031 1.053
194032 1.053
194033 1.053
194034 1.053
194035 1.053
194036 1.053
194038 1.053
194039 1.053
194040 1.053
194041 1.053
194042 1.053
194043 1.053
194044 1.053
194045 1.053
194047 1.053
194049 1.053
194051 1.053
194053 1.053
194055 1.053
194058 1.053
194060 1.053
194062 1.053
194064 1.053
194067 1.053
194069 1.053
194071 1.053
194073 1.053
194076 1.053
194078 1.053
194080 1.053
194082 1.053
194085 1.053
194087 1.053
194089 1.053
194091 1.053
194093 1.053
194096 1.053
194098 1.053
194100 1.053
194102 1.053
194105 1.053
194107 1.053
194109 1.053
194114 1.053
194118 1.053
194122 1.053
194127 1.053
194131 1.053
194136 1.053
194140 1.053
194145 1.053
194149 1.053
194154 1.053
194158 1.053
194162 1.053
194167 1.053
194171 1.053
194180 1.053
194189 1.053
194198 1.053
194207 1.053
194216 1.053
194225 1.053
194233 1.053
194251 1.053
194269 1.053
194287 1.053
194304 1.053
194340 1.053
194375 1.053
194446 1.053
194545 1.054
194645 1.054
194745 1.054
194844 1.054
194944 1.054
195043 1.055
195143 1.056
195242 1.056
195342 1.056
195441 1.056
195541 1.056
195640 1.057
195740 1.058
195840 1.058
195841 1.058
195842 1.058
195843 1.058
195844 1.058
195845 1.058
195846 1.058
195847 1.058
195849 1.058
195850 1.058
195851 1.058
195852 1.058
195853 1.058
195855 1.058
195856 1.058
195857 1.058
195858 1.058
195859 1.058
195860 1.058
195861 1.058
195862 1.058
195864 1.058
195865 1.058
195866 1.058
195867 1.058
195868 1.058
195869 1.058
195870 1.058
195871 1.058
195873 1.058
195874 1.058
195875 1.058
195876 1.058
195877 1.058
195878 1.058
195879 1.058
195880 1.058
195882 1.058
195883 1.058
195884 1.058
195885 1.058
195886 1.058
195887 1.058
195888 1.058
195890 1.058
195891 1.058
195892 1.058
195893 1.058
195894 1.058
195895 1.058
195896 1.058
195897 1.058
195899 1.058
195900 1.058
195901 1.058
195903 1.058
195905 1.058
195907 1.058
195910 1.058
195912 1.058
195914 1.058
195916 1.058
195919 1.058
195921 1.058
195923 1.058
195925 1.058
195928 1.058
195930 1.058
195932 1.058
195934 1.058
195937 1.058
195939 1.058
195941 1.058
195943 1.058
195945 1.058
195948 1.058
195950 1.058
195952 1.058
195954 1.058
195957 1.058
195959 1.058
195961 1.058
195963 1.058
195968 1.058
195972 1.058
195977 1.058
195981 1.058
195986 1.058
195990 1.058
195994 1.058
195999 1.058
196003 1.058
196008 1.058
196012 1.058
196017 1.058
196021 1.058
196026 1.058
196034 1.058
196043 1.058
196052 1.058
196061 1.058
196070 1.058
196079 1.058
196088 1.058
196105 1.058
196123 1.058
196141 1.058
196159 1.058
196194 1.058
196229 1.058
196300 1.058
196400 1.059
196499 1.059
196599 1.059
196698 1.059
196798 1.059
196897 1.059
196997 1.060
197097 1.061
197196 1.061
197296 1.061
197395 1.061
197495 1.061
197594 1.061
197694 1.061
197793 1.062
197893 1.063
197992 1.063
198092 1.063
198192 1.063
198291 1.063
198391 1.063
198490 1.063
198590 1.063
198689 1.063
198789 1.063
198888 1.064
198988 1.064
199088 1.064
199187 1.064
199287 1.064
199386 1.064
199486 1.064
199585 1.064
199685 1.064
199784 1.064
199884 1.065
199984 1.065
200083 1.066
200183 1.066
200282 1.066
200382 1.066
200481 1.066
200581 1.066
200680 1.066
200780 1.066
200879 1.066
200979 1.066
201079 1.066
201178 1.066
201278 1.067
201377 1.067
201477 1.067
201576 1.067
201676 1.067
201775 1.067
201875 1.067
201975 1.067
202074 1.067
202174 1.067
202273 1.067
202373 1.068
202472 1.068
202572 1.068
202671 1.068
202771 1.069
202871 1.069
202970 1.069
203070 1.069
203169 1.069
203269 1.069
203368 1.069
203468 1.069
203567 1.069
203667 1.069
203766 1.069
203866 1.069
203966 1.069
204065 1.069
204165 1.069
204264 1.069
204364 1.070
204463 1.071
204563 1.071
204662 1.071
204762 1.071
204862 1.071
204961 1.071
205061 1.071
205160 1.071
205260 1.071
205359 1.071
205459 1.071
205558 1.071
205658 1.071
205758 1.071
205857 1.071
205957 1.071
206056 1.071
206156 1.071
206255 1.071
206355 1.072
206454 1.072
206554 1.072
206654 1.072
206753 1.072
206853 1.072
206952 1.072
207052 1.072
207151 1.072
207251 1.072
207350 1.072
207450 1.072
207549 1.072
207649 1.072
207749 1.072
207848 1.072
207948 1.072
208047 1.072
208147 1.072
208246 1.072
208346 1.072
208445 1.073
208545 1.073
208645 1.074
208744 1.074
208844 1.074
208943 1.074
209043 1.074
209142 1.074
209242 1.074
209341 1.074
209441 1.074
209541 1.074
209640 1.074
209740 1.074
209839 1.074
209939 1.074
210038 1.074
210138 1.074
210237 1.074
210337 1.074
210436 1.074
210536 1.074
210636 1.074
210735 1.074
210835 1.074
210934 1.074
211034 1.074
211133 1.074
211233 1.075
211332 1.075
211432 1.075
211532 1.075
211631 1.076
211731 1.076
211830 1.076
211930 1.076
212029 1.076
212129 1.076
212228 1.076
212328 1.076
212428 1.076
212527 1.076
212627 1.076
212726 1.076
212826 1.076
212925 1.076
213025 1.076
213124 1.076
213224 1.076
213324 1.076
213423 1.076
213523 1.076
213622 1.076
213722 1.076
213821 1.076
213921 1.076
214020 1.076
214120 1.076
214220 1.076
214319 1.076
214419 1.076
214518 1.076
214618 1.076
214717 1.076
214817 1.077
214916 1.077
215016 1.077
215115 1.077
215215 1.077
215315 1.077
215414 1.077
215514 1.077
215613 1.077
215713 1.077
215812 1.077
215912 1.077
216011 1.077
216111 1.077
216211 1.077
216310 1.077
216410 1.077
216509 1.077
216609 1.077
216708 1.077
216808 1.077
216907 1.077
217007 1.077
217107 1.077
217206 1.077
217306 1.077
217405 1.077
217505 1.077
217604 1.077
217704 1.077
217803 1.077
217903 1.077
218002 1.077
218102 1.077
218202 1.077
218301 1.077
218401 1.077
218500 1.077
218600 1.077
218699 1.077
218799 1.077
218898 1.077
218998 1.077
219098 1.077
219197 1.078
219297 1.078
219396 1.078
219496 1.078
219595 1.078
219695 1.078
