# Este conjunto de dados, denominado CargaPilhasAA, é composto por vários arquivos com dados de descarga e de recuperação de pilhas AA de diversos fabricantes. Estes dados são distribuídos sob licença Creative Commons Attribution 4.0 (CC-BY). <http://creativecommons.org/licenses/by/4.0/>
# This dataset, named CargaPilhasAA, is composed of several files with discharge and recovery of AA batteries from several manufacturers. This dataset is licensed under a Creative Commons Attribution 4.0 International License (CC-BY). <http://creativecommons.org/licenses/by/4.0/>
# Galileu H. Oliveira, Rio de Janeiro, Brasil. Jan/2023.
# Fabricante: PHILIPS
# Tipo: alcalina
# Exemplar: 1
# Processo: descarga
# Corrente: 50 mA
# tempo (segundos)  tensão (volts)
Time PH1
0 1.615
1 1.588
3 1.561
4 1.559
5 1.559
6 1.559
7 1.559
8 1.557
9 1.557
10 1.557
12 1.557
13 1.557
14 1.557
15 1.557
16 1.557
17 1.556
18 1.556
20 1.556
21 1.556
22 1.556
23 1.556
24 1.556
25 1.556
26 1.556
27 1.556
29 1.556
30 1.556
31 1.556
32 1.555
34 1.554
36 1.554
39 1.554
41 1.554
43 1.554
45 1.554
48 1.554
50 1.554
52 1.553
54 1.553
56 1.552
59 1.552
61 1.552
63 1.552
65 1.552
68 1.552
70 1.552
72 1.552
74 1.552
77 1.552
79 1.552
81 1.552
83 1.552
86 1.551
88 1.551
90 1.551
92 1.551
94 1.551
99 1.551
103 1.551
108 1.551
112 1.551
117 1.551
121 1.550
126 1.549
130 1.549
134 1.549
139 1.549
143 1.549
148 1.549
152 1.549
157 1.549
166 1.548
174 1.547
183 1.547
192 1.547
201 1.547
210 1.547
219 1.546
236 1.546
254 1.546
272 1.545
290 1.544
325 1.543
360 1.542
431 1.541
531 1.538
630 1.535
730 1.533
829 1.530
929 1.528
1029 1.525
1128 1.523
1228 1.520
1327 1.518
1427 1.516
1526 1.514
1626 1.512
1725 1.510
1825 1.508
1924 1.505
2024 1.504
2124 1.502
2223 1.500
2323 1.498
2422 1.496
2522 1.495
2621 1.493
2721 1.491
2820 1.490
2920 1.488
3020 1.486
3119 1.485
3219 1.483
3318 1.482
3418 1.481
3517 1.479
3617 1.477
3716 1.476
3816 1.474
3915 1.473
4015 1.472
4115 1.471
4214 1.469
4314 1.468
4413 1.467
4513 1.466
4612 1.465
4712 1.464
4811 1.463
4911 1.461
5011 1.460
5110 1.459
5210 1.458
5309 1.457
5409 1.456
5508 1.455
5608 1.454
5707 1.453
5807 1.452
5906 1.451
6006 1.450
6106 1.449
6205 1.448
6305 1.448
6404 1.446
6504 1.446
6603 1.445
6703 1.444
6802 1.443
6902 1.443
7002 1.441
7101 1.441
7201 1.439
7300 1.439
7400 1.438
7499 1.437
7599 1.436
7698 1.436
7798 1.434
7897 1.434
7997 1.433
8097 1.433
8196 1.431
8296 1.431
8395 1.430
8495 1.429
8594 1.429
8694 1.428
8793 1.427
8893 1.426
8992 1.426
9092 1.425
9192 1.424
9291 1.424
9391 1.423
9490 1.423
9590 1.421
9689 1.421
9789 1.420
9888 1.419
9988 1.419
10088 1.418
10187 1.418
10287 1.417
10386 1.416
10486 1.416
10585 1.414
10685 1.414
10784 1.413
10884 1.413
10984 1.412
11083 1.411
11183 1.411
11282 1.410
11382 1.409
11481 1.409
11581 1.408
11680 1.408
11780 1.408
11880 1.406
11979 1.406
12079 1.406
12178 1.405
12278 1.404
12377 1.404
12477 1.403
12576 1.403
12676 1.402
12775 1.401
12875 1.401
12975 1.401
13074 1.400
13174 1.400
13273 1.399
13373 1.398
13472 1.398
13572 1.398
13671 1.397
13771 1.396
13871 1.396
13970 1.396
14070 1.395
14169 1.395
14269 1.395
14368 1.393
14468 1.393
14567 1.393
14667 1.392
14766 1.391
14866 1.391
14966 1.391
15065 1.390
15165 1.390
15264 1.390
15364 1.390
15463 1.389
15563 1.388
15662 1.388
15762 1.388
15861 1.387
15961 1.386
16061 1.386
16160 1.386
16260 1.386
16359 1.385
16459 1.385
16558 1.385
16658 1.384
16757 1.383
16857 1.383
16957 1.383
17056 1.383
17156 1.382
17255 1.381
17355 1.381
17454 1.381
17554 1.381
17653 1.380
17753 1.380
17853 1.380
17952 1.380
18052 1.379
18151 1.378
18251 1.378
18350 1.378
18450 1.378
18549 1.377
18649 1.376
18748 1.376
18848 1.376
18948 1.376
19047 1.376
19147 1.375
19246 1.375
19346 1.375
19445 1.375
19545 1.374
19644 1.373
19744 1.373
19844 1.373
19943 1.373
20043 1.373
20142 1.372
20242 1.371
20341 1.371
20441 1.371
20540 1.371
20640 1.370
20740 1.370
20839 1.370
20939 1.370
21038 1.370
21138 1.369
21237 1.368
21337 1.368
21436 1.368
21536 1.368
21636 1.368
21735 1.367
21835 1.366
21934 1.366
22034 1.366
22133 1.366
22233 1.366
22332 1.365
22432 1.365
22531 1.365
22631 1.365
22731 1.365
22830 1.364
22930 1.363
23029 1.363
23129 1.363
23228 1.363
23328 1.363
23427 1.362
23527 1.361
23627 1.361
23726 1.361
23826 1.361
23925 1.360
24025 1.360
24124 1.360
24224 1.360
24323 1.360
24423 1.360
24523 1.358
24622 1.358
24722 1.358
24821 1.358
24921 1.358
25020 1.358
25120 1.356
25219 1.356
25319 1.356
25419 1.356
25518 1.356
25618 1.355
25717 1.355
25817 1.355
25916 1.355
26016 1.355
26115 1.354
26215 1.353
26315 1.353
26414 1.353
26514 1.353
26613 1.353
26713 1.353
26812 1.351
26912 1.351
27011 1.351
27111 1.351
27211 1.351
27310 1.350
27410 1.350
27509 1.350
27609 1.350
27708 1.350
27808 1.349
27907 1.348
28007 1.348
28107 1.348
28206 1.348
28306 1.348
28405 1.347
28505 1.346
28604 1.346
28704 1.346
28803 1.346
28903 1.346
29002 1.345
29102 1.345
29202 1.345
29301 1.345
29401 1.345
29500 1.344
29600 1.343
29699 1.343
29799 1.343
29898 1.343
29998 1.343
30098 1.342
30197 1.341
30297 1.341
30396 1.341
30496 1.341
30595 1.341
30695 1.341
30794 1.340
30894 1.340
30994 1.340
31093 1.340
31193 1.340
31292 1.339
31392 1.338
31491 1.338
31591 1.338
31690 1.338
31790 1.338
31890 1.337
31989 1.336
32089 1.336
32188 1.336
32288 1.336
32387 1.336
32487 1.335
32586 1.335
32686 1.335
32786 1.335
32885 1.335
32985 1.334
33084 1.333
33184 1.333
33283 1.333
33383 1.333
33482 1.333
33582 1.332
33682 1.331
33781 1.331
33881 1.331
33980 1.331
34080 1.331
34179 1.330
34279 1.330
34378 1.330
34478 1.330
34577 1.330
34677 1.330
34777 1.328
34876 1.328
34976 1.328
35075 1.328
35175 1.328
35274 1.328
35374 1.328
35473 1.327
35573 1.326
35673 1.326
35772 1.326
35872 1.326
35971 1.326
36071 1.325
36170 1.325
36270 1.325
36369 1.325
36469 1.325
36569 1.325
36668 1.324
36768 1.323
36867 1.323
36967 1.323
37066 1.323
37166 1.323
37265 1.323
37365 1.322
37465 1.321
37564 1.321
37664 1.321
37763 1.321
37863 1.321
37962 1.320
38062 1.320
38161 1.320
38261 1.320
38361 1.320
38460 1.320
38560 1.319
38659 1.318
38759 1.318
38858 1.318
38958 1.318
39057 1.318
39157 1.318
39257 1.317
39356 1.317
39456 1.317
39555 1.317
39655 1.317
39754 1.316
39854 1.315
39953 1.315
40053 1.315
40153 1.315
40252 1.315
40352 1.315
40451 1.315
40551 1.314
40650 1.313
40750 1.313
40849 1.313
40949 1.313
41049 1.313
41148 1.313
41248 1.312
41347 1.312
41447 1.312
41546 1.312
41646 1.312
41745 1.312
41845 1.311
41945 1.310
42044 1.310
42144 1.310
42243 1.310
42343 1.310
42442 1.310
42542 1.309
42641 1.308
42741 1.308
42840 1.308
42940 1.308
43040 1.308
43139 1.308
43239 1.307
43338 1.307
43438 1.307
43537 1.307
43637 1.307
43736 1.307
43836 1.306
43936 1.305
44035 1.305
44135 1.305
44234 1.305
44334 1.305
44433 1.305
44533 1.305
44632 1.304
44732 1.303
44832 1.303
44931 1.303
45031 1.303
45130 1.303
45230 1.303
45329 1.303
45429 1.302
45528 1.302
45628 1.302
45728 1.302
45827 1.302
45927 1.302
46026 1.302
46126 1.301
46225 1.301
46325 1.300
46424 1.300
46524 1.300
46624 1.300
46723 1.300
46823 1.300
46922 1.300
47022 1.299
47121 1.298
47221 1.298
47320 1.298
47420 1.298
47520 1.298
47619 1.298
47719 1.298
47818 1.298
47918 1.298
48017 1.298
48117 1.298
48216 1.298
48316 1.298
48415 1.298
48515 1.298
48615 1.298
48714 1.298
48814 1.298
48913 1.298
49013 1.297
49112 1.297
49212 1.297
49311 1.297
49411 1.297
49511 1.297
49610 1.297
49710 1.297
49809 1.297
49909 1.297
50008 1.297
50108 1.297
50207 1.297
50307 1.297
50407 1.297
50506 1.297
50606 1.297
50705 1.297
50805 1.297
50904 1.297
51004 1.297
51103 1.297
51203 1.296
51302 1.295
51402 1.295
51502 1.295
51601 1.295
51701 1.295
51800 1.295
51900 1.295
51999 1.295
52099 1.295
52198 1.294
52298 1.293
52398 1.293
52497 1.293
52597 1.293
52696 1.293
52796 1.293
52895 1.293
52995 1.293
53094 1.292
53194 1.292
53294 1.292
53393 1.292
53493 1.292
53592 1.292
53692 1.292
53791 1.292
53891 1.292
53990 1.292
54090 1.292
54190 1.292
54289 1.290
54389 1.290
54488 1.290
54588 1.290
54687 1.290
54787 1.290
54886 1.290
54986 1.290
55085 1.290
55185 1.290
55285 1.290
55384 1.290
55484 1.290
55583 1.290
55683 1.289
55782 1.289
55882 1.288
55981 1.288
56081 1.288
56181 1.288
56280 1.288
56380 1.288
56479 1.288
56579 1.288
56678 1.288
56778 1.288
56877 1.287
56977 1.287
57076 1.287
57176 1.287
57276 1.287
57375 1.287
57475 1.287
57574 1.287
57674 1.287
57773 1.287
57873 1.286
57972 1.286
58072 1.285
58172 1.285
58271 1.285
58371 1.285
58470 1.285
58570 1.285
58669 1.285
58769 1.285
58868 1.283
58968 1.283
59068 1.283
59167 1.283
59267 1.283
59366 1.283
59466 1.283
59565 1.283
59665 1.282
59764 1.282
59864 1.282
59963 1.282
60063 1.282
60163 1.282
60262 1.282
60362 1.282
60461 1.282
60561 1.281
60660 1.280
60760 1.280
60859 1.280
60959 1.280
61059 1.280
61158 1.280
61258 1.280
61357 1.280
61457 1.280
61556 1.279
61656 1.279
61755 1.278
61855 1.278
61954 1.278
62054 1.278
62154 1.278
62253 1.278
62353 1.278
62452 1.278
62552 1.278
62651 1.278
62751 1.278
62850 1.277
62950 1.277
63050 1.277
63149 1.277
63249 1.277
63348 1.277
63448 1.277
63547 1.277
63647 1.277
63746 1.277
63846 1.276
63946 1.276
64045 1.275
64145 1.275
64244 1.275
64344 1.275
64443 1.275
64543 1.275
64642 1.275
64742 1.275
64842 1.274
64941 1.273
65041 1.273
65140 1.273
65240 1.273
65339 1.273
65439 1.273
65538 1.273
65638 1.273
65738 1.273
65837 1.273
65937 1.272
66036 1.272
66136 1.272
66235 1.272
66335 1.272
66434 1.272
66534 1.272
66633 1.272
66733 1.272
66833 1.271
66932 1.270
67032 1.270
67131 1.270
67231 1.270
67330 1.270
67430 1.270
67529 1.270
67629 1.270
67729 1.270
67828 1.270
67928 1.269
68027 1.268
68127 1.268
68226 1.268
68326 1.268
68425 1.268
68525 1.268
68625 1.268
68724 1.268
68824 1.268
68923 1.267
69023 1.267
69122 1.267
69222 1.267
69321 1.267
69421 1.267
69521 1.267
69620 1.267
69720 1.267
69819 1.267
69919 1.266
70018 1.265
70118 1.265
70217 1.265
70317 1.265
70417 1.265
70516 1.265
70616 1.265
70715 1.265
70815 1.265
70914 1.264
71014 1.264
71113 1.263
71213 1.263
71312 1.263
71412 1.263
71512 1.263
71611 1.263
71711 1.263
71810 1.263
71910 1.263
72009 1.263
72109 1.263
72208 1.263
72308 1.262
72408 1.262
72507 1.262
72607 1.262
72706 1.262
72806 1.262
72905 1.262
73005 1.262
73104 1.262
73204 1.262
73304 1.262
73403 1.261
73503 1.261
73602 1.260
73702 1.260
73801 1.260
73901 1.260
74000 1.260
74100 1.260
74200 1.260
74299 1.260
74399 1.260
74498 1.260
74598 1.260
74697 1.259
74797 1.258
74896 1.258
74996 1.258
75096 1.258
75195 1.258
75295 1.258
75394 1.258
75494 1.258
75593 1.258
75693 1.258
75792 1.258
75892 1.258
75991 1.257
76091 1.257
76191 1.257
76290 1.257
76390 1.257
76489 1.257
76589 1.257
76688 1.257
76788 1.257
76887 1.257
76987 1.257
77087 1.256
77186 1.255
77286 1.255
77385 1.255
77485 1.255
77584 1.255
77684 1.255
77783 1.255
77883 1.255
77983 1.255
78082 1.255
78182 1.254
78281 1.253
78381 1.253
78480 1.253
78580 1.253
78679 1.253
78779 1.253
78879 1.253
78978 1.253
79078 1.253
79177 1.253
79277 1.252
79376 1.252
79476 1.252
79575 1.252
79675 1.252
79775 1.252
79874 1.252
79974 1.251
80073 1.251
80173 1.250
80272 1.250
80372 1.250
80471 1.250
80571 1.250
80671 1.250
80770 1.250
80870 1.250
80969 1.250
81069 1.250
81168 1.249
81268 1.248
81367 1.248
81467 1.248
81566 1.248
81666 1.248
81766 1.248
81865 1.248
81965 1.248
82064 1.248
82164 1.248
82263 1.247
82363 1.247
82462 1.247
82562 1.247
82662 1.247
82761 1.247
82861 1.247
82960 1.247
83060 1.247
83159 1.247
83259 1.247
83358 1.246
83458 1.245
83558 1.245
83657 1.245
83757 1.245
83856 1.245
83956 1.245
84055 1.245
84155 1.245
84254 1.245
84354 1.245
84454 1.245
84553 1.244
84653 1.243
84752 1.243
84852 1.243
84951 1.243
85051 1.243
85150 1.243
85250 1.243
85350 1.243
85449 1.243
85549 1.242
85648 1.242
85748 1.242
85847 1.242
85947 1.242
86046 1.242
86146 1.242
86246 1.242
86345 1.242
86445 1.242
86544 1.241
86644 1.240
86743 1.240
86843 1.240
86942 1.240
87042 1.240
87141 1.240
87241 1.240
87341 1.240
87440 1.240
87540 1.240
87639 1.240
87739 1.239
87838 1.238
87938 1.238
88037 1.238
88137 1.238
88237 1.238
88336 1.238
88436 1.238
88535 1.238
88635 1.237
88734 1.237
88834 1.237
88933 1.237
89033 1.237
89133 1.237
89232 1.237
89332 1.237
89431 1.237
89531 1.237
89630 1.236
89730 1.235
89829 1.235
89929 1.235
90029 1.235
90128 1.235
90228 1.235
90327 1.235
90427 1.235
90526 1.235
90626 1.235
90725 1.234
90825 1.234
90924 1.233
91024 1.233
91124 1.233
91223 1.233
91323 1.233
91422 1.233
91522 1.233
91621 1.233
91721 1.233
91820 1.233
91920 1.232
92020 1.232
92119 1.232
92219 1.232
92318 1.232
92418 1.232
92517 1.232
92617 1.232
92716 1.232
92816 1.231
92916 1.231
93015 1.230
93115 1.230
93214 1.230
93314 1.230
93413 1.230
93513 1.230
93612 1.230
93712 1.230
93812 1.230
93911 1.229
94011 1.229
94110 1.229
94210 1.229
94309 1.229
94409 1.229
94508 1.229
94608 1.229
94708 1.229
94807 1.228
94907 1.228
95006 1.227
95106 1.227
95205 1.227
95305 1.227
95404 1.227
95504 1.227
95604 1.227
95703 1.227
95803 1.226
95902 1.225
96002 1.225
96101 1.225
96201 1.225
96300 1.225
96400 1.225
96499 1.225
96599 1.225
96699 1.225
96798 1.224
96898 1.224
96997 1.224
97097 1.224
97196 1.224
97296 1.224
97395 1.224
97495 1.224
97595 1.223
97694 1.222
97794 1.222
97893 1.222
97993 1.222
98092 1.222
98192 1.222
98291 1.222
98391 1.222
98491 1.221
98590 1.220
98690 1.220
98789 1.220
98889 1.220
98988 1.220
99088 1.220
99187 1.220
99287 1.220
99387 1.220
99486 1.219
99586 1.219
99685 1.219
99785 1.219
99884 1.219
99984 1.219
100083 1.219
100183 1.219
100283 1.218
100382 1.218
100482 1.217
100581 1.217
100681 1.217
100780 1.217
100880 1.217
100979 1.217
101079 1.217
101179 1.217
101278 1.217
101378 1.215
101477 1.215
101577 1.215
101676 1.215
101776 1.215
101875 1.215
101975 1.215
102074 1.215
102174 1.215
102274 1.214
102373 1.214
102473 1.214
102572 1.214
102672 1.214
102771 1.214
102871 1.214
102970 1.214
103070 1.214
103170 1.213
103269 1.212
103369 1.212
103468 1.212
103568 1.212
103667 1.212
103767 1.212
103866 1.212
103966 1.212
104066 1.212
104165 1.211
104265 1.210
104364 1.210
104464 1.210
104563 1.210
104663 1.210
104762 1.210
104862 1.210
104962 1.210
105061 1.209
105161 1.209
105260 1.209
105360 1.209
105459 1.209
105559 1.209
105658 1.209
105758 1.209
105858 1.208
105957 1.207
106057 1.207
106156 1.207
106256 1.207
106355 1.207
106455 1.207
106554 1.207
106654 1.207
106754 1.207
106853 1.206
106953 1.205
107052 1.205
107152 1.205
107251 1.205
107351 1.205
107450 1.205
107550 1.205
107649 1.204
107749 1.204
107849 1.204
107948 1.204
108048 1.204
108147 1.204
108247 1.204
108346 1.204
108446 1.203
108545 1.202
108645 1.202
108745 1.202
108844 1.202
108944 1.202
109043 1.202
109143 1.202
109242 1.202
109342 1.201
109441 1.200
109541 1.200
109641 1.200
109740 1.200
109840 1.200
109939 1.200
110039 1.200
110138 1.200
110238 1.199
110337 1.199
110437 1.199
110537 1.199
110636 1.199
110736 1.199
110835 1.198
110935 1.197
111034 1.197
111134 1.197
111233 1.197
111333 1.197
111432 1.197
111532 1.197
111632 1.196
111731 1.195
111831 1.195
111930 1.195
112030 1.195
112129 1.195
112229 1.195
112328 1.195
112428 1.194
112528 1.194
112627 1.194
112727 1.194
112826 1.194
112926 1.194
113025 1.193
113125 1.192
113224 1.192
113324 1.192
113424 1.192
113523 1.192
113623 1.192
113722 1.191
113822 1.190
113921 1.190
114021 1.190
114120 1.190
114220 1.190
114320 1.190
114419 1.189
114519 1.189
114618 1.189
114718 1.189
114817 1.189
114917 1.189
115016 1.189
115116 1.188
115216 1.187
115315 1.187
115415 1.187
115514 1.187
115614 1.187
115713 1.187
115813 1.186
115912 1.185
116012 1.185
116112 1.185
116211 1.185
116311 1.185
116410 1.185
116510 1.185
116609 1.184
116709 1.184
116808 1.184
116908 1.184
117008 1.184
117107 1.184
117207 1.184
117306 1.182
117406 1.182
117505 1.182
117605 1.182
117704 1.182
117804 1.181
117904 1.180
118003 1.180
118103 1.180
118202 1.180
118302 1.180
118401 1.180
118501 1.180
118600 1.179
118700 1.179
118799 1.179
118899 1.179
118999 1.179
119098 1.178
119198 1.178
119297 1.177
119397 1.177
119496 1.177
119596 1.177
119695 1.177
119795 1.176
119895 1.175
119994 1.175
120094 1.175
120193 1.175
120293 1.175
120392 1.175
120492 1.174
120591 1.174
120691 1.174
120791 1.174
120890 1.174
120990 1.174
121089 1.172
121189 1.172
121288 1.172
121388 1.172
121487 1.172
121587 1.172
121687 1.171
121786 1.170
121886 1.170
121985 1.170
122085 1.170
122184 1.170
122284 1.170
122383 1.169
122483 1.169
122583 1.169
122682 1.169
122782 1.169
122881 1.169
122981 1.168
123080 1.167
123180 1.167
123279 1.167
123379 1.167
123479 1.167
123578 1.167
123678 1.166
123777 1.165
123877 1.165
123976 1.165
124076 1.165
124175 1.165
124275 1.165
124375 1.164
124474 1.164
124574 1.164
124673 1.164
124773 1.164
124872 1.163
124972 1.162
125071 1.162
125171 1.162
125271 1.162
125370 1.162
125470 1.162
125569 1.161
125669 1.160
125768 1.160
125868 1.160
125967 1.160
126067 1.160
126166 1.159
126266 1.159
126366 1.159
126465 1.159
126565 1.159
126664 1.159
126764 1.157
126863 1.157
126963 1.157
127062 1.157
127162 1.157
127262 1.157
127361 1.156
127461 1.155
127560 1.155
127660 1.155
127759 1.155
127859 1.155
127958 1.155
128058 1.154
128158 1.154
128257 1.154
128357 1.154
128456 1.154
128556 1.153
128655 1.152
128755 1.152
128854 1.152
128954 1.152
129054 1.151
129153 1.150
129253 1.150
129352 1.150
129452 1.150
129551 1.150
129651 1.150
129750 1.149
129850 1.149
129950 1.149
130049 1.149
130149 1.149
130248 1.148
130348 1.147
130447 1.147
130547 1.147
130646 1.147
130746 1.147
130846 1.146
130945 1.146
131045 1.146
131144 1.146
131244 1.145
131343 1.144
131443 1.144
131542 1.144
131642 1.144
131742 1.144
131841 1.143
131941 1.142
132040 1.142
132140 1.142
132239 1.142
132339 1.141
132438 1.141
132538 1.141
132638 1.141
132737 1.140
132837 1.139
132936 1.139
133036 1.139
133135 1.139
133235 1.139
133334 1.139
133434 1.138
133533 1.137
133633 1.137
133733 1.137
133832 1.137
133932 1.136
134031 1.136
134131 1.136
134230 1.136
134330 1.135
134429 1.134
134529 1.134
134629 1.134
134728 1.134
134828 1.133
134927 1.132
135027 1.132
135126 1.132
135226 1.132
135325 1.131
135425 1.131
135525 1.131
135624 1.131
135724 1.131
135823 1.131
135923 1.129
136022 1.129
136122 1.129
136221 1.129
136321 1.129
136421 1.128
136520 1.127
136620 1.127
136719 1.127
136819 1.126
136918 1.126
137018 1.126
137117 1.126
137217 1.125
137317 1.124
137416 1.124
137516 1.124
137615 1.124
137715 1.123
137814 1.122
137914 1.122
138013 1.122
138113 1.121
138213 1.121
138312 1.120
138412 1.119
138511 1.119
138611 1.119
138710 1.119
138810 1.119
138909 1.118
139009 1.117
139109 1.117
139208 1.117
139308 1.117
139407 1.117
139507 1.116
139606 1.116
139706 1.116
139805 1.116
139905 1.115
140005 1.115
140104 1.114
140204 1.114
140303 1.114
140403 1.112
140502 1.112
140602 1.111
140701 1.111
140801 1.111
140901 1.111
141000 1.110
141100 1.109
141199 1.109
141299 1.109
141398 1.109
141498 1.109
141597 1.109
141697 1.108
141797 1.107
141896 1.107
141996 1.106
142095 1.106
142195 1.105
142294 1.104
142394 1.104
142493 1.104
142593 1.104
142692 1.103
142792 1.102
142892 1.102
142991 1.101
143091 1.101
143190 1.101
143290 1.101
143389 1.101
143489 1.099
143588 1.099
143688 1.098
143788 1.097
143887 1.097
143987 1.097
144086 1.096
144186 1.096
144285 1.096
144385 1.096
144484 1.096
144584 1.094
144684 1.094
144783 1.093
144883 1.092
144982 1.092
145082 1.091
145181 1.091
145281 1.091
145380 1.091
145480 1.089
145580 1.089
145679 1.087
145779 1.086
145878 1.086
145978 1.086
146077 1.084
146177 1.084
146276 1.084
146376 1.084
146475 1.084
146575 1.083
146675 1.082
146774 1.082
146874 1.081
146973 1.079
147073 1.079
147172 1.079
147272 1.079
147371 1.078
147471 1.077
147571 1.077
147670 1.077
147770 1.077
147869 1.076
147969 1.076
148068 1.076
148168 1.076
148267 1.076
148367 1.074
148467 1.073
148566 1.072
148666 1.072
148765 1.071
148865 1.071
148964 1.071
149064 1.071
149163 1.069
149263 1.069
149363 1.069
149462 1.068
149562 1.068
149661 1.068
149761 1.067
149860 1.066
149960 1.066
150059 1.066
150159 1.066
150258 1.065
150358 1.064
150458 1.064
150557 1.064
150657 1.063
150756 1.062
150856 1.061
150955 1.060
151055 1.059
151154 1.059
151254 1.059
151354 1.058
151453 1.058
151553 1.058
151652 1.058
151752 1.058
151851 1.057
151951 1.056
152050 1.054
152150 1.054
152250 1.054
152349 1.054
152449 1.053
152548 1.051
152648 1.051
152747 1.052
152847 1.052
152946 1.051
153046 1.050
153146 1.048
153245 1.047
153345 1.046
153444 1.048
153544 1.048
153643 1.048
153743 1.048
153842 1.046
153942 1.046
154042 1.044
154141 1.044
154241 1.043
154340 1.043
154440 1.042
154539 1.040
154639 1.039
154738 1.038
154838 1.038
154938 1.038
155037 1.038
155137 1.038
155236 1.037
155336 1.036
155435 1.035
155535 1.034
155634 1.034
155734 1.034
155833 1.034
155933 1.034
156033 1.033
156132 1.033
156232 1.033
156331 1.032
156431 1.031
156530 1.031
156630 1.030
156729 1.029
156829 1.029
156929 1.029
157028 1.028
157128 1.029
157227 1.029
157327 1.029
157426 1.028
157526 1.028
157625 1.028
157725 1.028
157825 1.028
157924 1.026
158024 1.026
158123 1.026
158223 1.025
158322 1.024
158422 1.024
158521 1.024
158621 1.024
158721 1.023
158820 1.023
158920 1.023
159019 1.023
159119 1.023
159218 1.021
159318 1.021
159417 1.021
159517 1.021
159617 1.020
159716 1.019
159816 1.019
159915 1.019
160015 1.019
160114 1.018
160214 1.018
160313 1.017
160413 1.016
160513 1.016
160612 1.016
160712 1.016
160811 1.016
160911 1.016
161010 1.015
161110 1.014
161209 1.014
161309 1.014
161409 1.013
161508 1.013
161608 1.011
161707 1.011
161807 1.011
161906 1.010
162006 1.009
162105 1.009
162205 1.008
162304 1.008
162404 1.008
162504 1.008
162603 1.008
162703 1.007
162802 1.006
162902 1.006
163001 1.005
163101 1.004
163200 1.004
163300 1.004
163400 1.003
163499 1.003
163599 1.003
163698 1.001
163798 1.001
163897 1.001
163997 1.000
164096 0.999
164196 0.999
164296 0.999
164395 0.999
164495 0.998
164594 0.998
164694 0.996
164793 0.996
164893 0.996
164992 0.995
165092 0.994
165191 0.994
165291 0.993
165391 0.993
165490 0.993
165590 0.992
165689 0.991
165789 0.991
165888 0.991
165988 0.990
166087 0.989
166187 0.989
166286 0.988
166386 0.988
166486 0.987
166585 0.986
166685 0.986
166784 0.985
166884 0.984
166983 0.984
167083 0.983
167182 0.983
167282 0.982
167381 0.981
167481 0.981
167581 0.980
167680 0.979
167780 0.979
167879 0.978
167979 0.978
168078 0.978
168178 0.977
168277 0.976
168377 0.976
168477 0.975
168576 0.975
168676 0.974
168775 0.973
168875 0.973
168974 0.972
169074 0.971
169173 0.971
169273 0.970
169372 0.970
169472 0.970
169572 0.969
169671 0.968
169771 0.968
169870 0.967
169970 0.966
170069 0.966
170169 0.965
170268 0.965
170368 0.965
170468 0.964
170567 0.963
170667 0.963
170766 0.962
170866 0.961
170965 0.961
171065 0.960
171164 0.960
171264 0.960
171363 0.959
171463 0.958
171563 0.958
171662 0.957
171762 0.956
171861 0.956
171961 0.956
172060 0.955
172160 0.955
172259 0.954
172359 0.953
172459 0.953
172558 0.952
172658 0.951
172757 0.951
172857 0.950
172956 0.950
173056 0.950
173155 0.948
173255 0.948
173354 0.948
173454 0.946
173554 0.946
173653 0.945
173753 0.945
173852 0.945
173952 0.944
174051 0.943
174151 0.943
174250 0.942
174350 0.941
174450 0.941
174549 0.940
174649 0.940
174748 0.939
174848 0.938
174947 0.938
175047 0.936
175146 0.936
175246 0.935
175345 0.935
175445 0.934
175545 0.933
175644 0.933
175744 0.932
175843 0.931
175943 0.930
176042 0.930
176142 0.930
176241 0.928
176341 0.928
176441 0.927
176540 0.926
176640 0.926
176739 0.925
176839 0.925
176938 0.923
177038 0.923
177137 0.922
177237 0.921
177336 0.920
177436 0.920
177536 0.918
177635 0.918
177735 0.917
177834 0.916
177934 0.915
178033 0.914
178133 0.913
178232 0.912
178332 0.911
178432 0.910
178531 0.910
178631 0.908
178730 0.908
178830 0.906
178929 0.906
179029 0.905
179128 0.904
179228 0.903
179327 0.903
179427 0.901
179527 0.900
179626 0.900
179726 0.898
179825 0.898
179925 0.897
180024 0.896
180124 0.895
180223 0.894
180323 0.893
180423 0.892
180522 0.891
180622 0.890
180721 0.889
180821 0.888
180920 0.887
181020 0.886
181119 0.885
181219 0.884
181318 0.883
181418 0.882
181518 0.881
181617 0.880
181717 0.878
181816 0.877
181916 0.877
182015 0.875
182115 0.874
182214 0.873
182314 0.872
182414 0.871
182513 0.870
182613 0.869
182712 0.868
182812 0.867
182813 0.867
182814 0.867
182815 0.867
182816 0.867
182817 0.867
182818 0.867
182820 0.867
182821 0.867
182822 0.867
182823 0.867
182824 0.867
182825 0.867
182826 0.867
182827 0.867
182829 0.867
182830 0.867
182831 0.867
182832 0.867
182833 0.867
182834 0.867
182835 0.867
182836 0.867
182838 0.867
182839 0.867
182840 0.867
182841 0.867
182842 0.867
182843 0.867
182844 0.867
182846 0.867
182847 0.867
182848 0.866
182849 0.867
182850 0.867
182851 0.867
182852 0.867
182853 0.866
182855 0.866
182856 0.866
182857 0.866
182858 0.866
182859 0.866
182860 0.865
182861 0.866
182862 0.866
182864 0.866
182865 0.866
182866 0.867
182867 0.865
182868 0.865
182869 0.866
182870 0.865
182871 0.865
182873 0.865
182875 0.865
182877 0.865
182879 0.865
182882 0.865
182884 0.865
182886 0.865
182888 0.865
182890 0.865
182893 0.865
182895 0.865
182897 0.865
182899 0.865
182902 0.865
182904 0.865
182906 0.865
182908 0.865
182911 0.865
182913 0.865
182915 0.865
182917 0.865
182919 0.865
182922 0.865
182924 0.865
182926 0.865
182928 0.865
182931 0.865
182933 0.865
182935 0.865
182940 0.865
182944 0.865
182948 0.865
182953 0.865
182957 0.865
182962 0.865
182966 0.865
182971 0.865
182975 0.865
182980 0.865
182984 0.865
182988 0.865
182993 0.865
182997 0.865
183006 0.865
183015 0.865
183024 0.864
183033 0.864
183042 0.864
183051 0.863
183059 0.863
183077 0.863
183095 0.863
183113 0.863
183130 0.863
183166 0.863
183201 0.863
183272 0.862
183371 0.861
183471 0.860
183571 0.859
183670 0.858
183770 0.857
183869 0.856
183969 0.855
184068 0.854
184168 0.853
184267 0.852
184367 0.851
184466 0.850
184566 0.848
184666 0.847
184765 0.846
184865 0.845
184964 0.844
185064 0.843
185163 0.842
185263 0.841
185362 0.840
185462 0.838
185562 0.838
185661 0.837
185761 0.835
185860 0.834
185960 0.833
186059 0.832
186159 0.831
186258 0.830
186358 0.829
186457 0.828
186557 0.827
186657 0.825
186756 0.824
186856 0.823
186955 0.822
187055 0.821
187154 0.820
187254 0.818
187353 0.817
187453 0.816
187553 0.815
187652 0.813
187752 0.812
187851 0.811
187951 0.810
188050 0.808
188150 0.807
188249 0.806
188349 0.804
188448 0.803
188548 0.802
188648 0.800
188747 0.799
188847 0.797
188946 0.796
189046 0.794
189145 0.793
189245 0.791
189344 0.789
189444 0.788
189544 0.786
189643 0.784
189743 0.783
189842 0.781
189942 0.779
190041 0.778
190141 0.776
190240 0.774
190340 0.773
190439 0.771
190539 0.770
190639 0.768
190738 0.766
190838 0.765
190937 0.763
191037 0.761
191136 0.760
191236 0.758
191335 0.757
191435 0.755
191535 0.754
191536 0.754
191537 0.754
191538 0.754
191539 0.754
191540 0.754
191541 0.754
191542 0.754
191544 0.754
191545 0.754
191546 0.754
191547 0.754
191548 0.754
191549 0.754
191550 0.754
191551 0.754
191553 0.754
191554 0.754
191555 0.754
191556 0.754
191557 0.754
191558 0.754
191559 0.754
191560 0.754
191562 0.754
191563 0.754
191564 0.754
191565 0.754
191566 0.754
191567 0.754
191568 0.754
191570 0.754
191571 0.754
191572 0.754
191573 0.754
191574 0.754
191575 0.754
191576 0.754
191577 0.754
191579 0.754
191580 0.754
191581 0.754
191582 0.754
191583 0.754
191584 0.754
191585 0.754
191586 0.754
191588 0.754
191589 0.754
191590 0.754
191591 0.754
191592 0.754
191593 0.754
191594 0.754
191595 0.754
191597 0.754
191599 0.754
191601 0.754
191603 0.754
191605 0.754
191608 0.754
191610 0.754
191612 0.754
191614 0.754
191617 0.754
191619 0.754
191621 0.754
191623 0.754
191626 0.754
191628 0.754
191630 0.754
191632 0.754
191635 0.753
191637 0.753
191639 0.753
191641 0.753
191643 0.753
191646 0.753
191648 0.753
191650 0.753
191652 0.752
191655 0.752
191657 0.752
191659 0.752
191664 0.752
191668 0.752
191672 0.752
191677 0.752
191681 0.752
191686 0.752
191690 0.752
191695 0.752
191699 0.752
191704 0.752
191708 0.752
191712 0.752
191717 0.752
191721 0.752
191730 0.752
191739 0.752
191748 0.752
191757 0.752
191766 0.752
191775 0.752
191783 0.752
191801 0.752
191819 0.752
191837 0.752
191854 0.751
191890 0.750
191925 0.750
191996 0.750
192095 0.750
192195 0.749
192295 0.749
192394 0.747
192494 0.747
192593 0.747
192693 0.745
192792 0.745
192892 0.745
192991 0.744
193091 0.744
193190 0.744
193290 0.742
193390 0.742
193489 0.742
193589 0.742
193688 0.741
193788 0.740
193887 0.740
193987 0.740
194086 0.739
194186 0.739
194286 0.737
194385 0.737
194485 0.737
194584 0.736
194684 0.735
194783 0.735
194883 0.735
194982 0.735
195082 0.735
195182 0.735
195281 0.735
195381 0.735
195480 0.735
195580 0.734
195679 0.734
195779 0.734
195878 0.734
195978 0.734
196077 0.734
196177 0.734
196277 0.734
196376 0.734
196476 0.733
196575 0.732
196675 0.732
196774 0.732
196874 0.732
196973 0.730
197073 0.730
197173 0.730
197272 0.729
197372 0.729
197471 0.729
197571 0.728
197670 0.727
197770 0.727
197869 0.726
197969 0.725
198069 0.725
198168 0.724
198268 0.724
198367 0.723
198467 0.722
198566 0.722
198666 0.722
198765 0.722
198865 0.721
198964 0.721
199064 0.720
199164 0.719
199263 0.719
199363 0.719
199462 0.718
199562 0.717
199661 0.717
199761 0.717
199860 0.716
199960 0.716
200060 0.716
200159 0.715
200259 0.714
200358 0.714
200458 0.713
200557 0.712
200657 0.712
200756 0.712
200856 0.711
200956 0.711
201055 0.711
201155 0.710
201254 0.709
201354 0.709
201453 0.709
201553 0.707
201652 0.707
201752 0.706
201851 0.706
201951 0.705
202051 0.704
202150 0.704
202250 0.702
202349 0.702
202449 0.702
202548 0.701
202648 0.701
202747 0.701
202847 0.699
