# Este conjunto de dados, denominado CargaPilhasAA, é composto por vários arquivos com dados de descarga e de recuperação de pilhas AA de diversos fabricantes. Estes dados são distribuídos sob licença Creative Commons Attribution 4.0 (CC-BY). <http://creativecommons.org/licenses/by/4.0/>
# This dataset, named CargaPilhasAA, is composed of several files with discharge and recovery of AA batteries from several manufacturers. This dataset is licensed under a Creative Commons Attribution 4.0 International License (CC-BY). <http://creativecommons.org/licenses/by/4.0/>
# Galileu H. Oliveira, Rio de Janeiro, Brasil. Jan/2023.
# Fabricante: PHILIPS
# Tipo: alcalina
# Exemplar: 1
# Processo: recuperação
# Corrente: 0 mA
# tempo (segundos)  tensão (volts)
Time PH1
202847 0.699
202848 0.814
202849 0.840
202850 0.854
202852 0.864
202853 0.872
202854 0.878
202855 0.883
202856 0.889
202857 0.894
202858 0.898
202859 0.902
202861 0.906
202862 0.909
202863 0.911
202864 0.914
202865 0.916
202866 0.917
202867 0.920
202868 0.921
202870 0.921
202871 0.923
202872 0.924
202873 0.925
202874 0.926
202875 0.926
202876 0.926
202877 0.928
202879 0.928
202880 0.929
202881 0.930
202882 0.930
202883 0.930
202884 0.931
202885 0.931
202886 0.931
202888 0.931
202889 0.931
202890 0.933
202891 0.933
202892 0.933
202893 0.933
202894 0.933
202895 0.935
202897 0.935
202898 0.935
202899 0.935
202900 0.935
202901 0.935
202902 0.935
202903 0.936
202905 0.936
202906 0.936
202907 0.936
202908 0.936
202910 0.937
202912 0.938
202915 0.938
202917 0.938
202919 0.938
202921 0.940
202924 0.940
202926 0.940
202928 0.940
202930 0.941
202932 0.941
202935 0.941
202937 0.941
202939 0.941
202941 0.941
202944 0.943
202946 0.943
202948 0.943
202950 0.943
202953 0.943
202955 0.943
202957 0.944
202959 0.945
202962 0.945
202964 0.945
202966 0.945
202968 0.945
202970 0.945
202975 0.946
202979 0.946
202984 0.946
202988 0.946
202993 0.948
202997 0.948
203002 0.948
203006 0.948
203010 0.948
203015 0.950
203019 0.950
203024 0.950
203028 0.950
203033 0.950
203042 0.951
203050 0.951
203059 0.952
203068 0.953
203077 0.953
203086 0.953
203095 0.954
203112 0.955
203130 0.956
203148 0.956
203166 0.957
203201 0.958
203236 0.960
203307 0.962
203407 0.964
203506 0.967
203507 0.968
203509 0.969
203510 0.968
203511 0.968
203512 0.968
203513 0.968
203514 0.969
203515 0.969
203516 0.968
203518 0.968
203519 0.969
203520 0.970
203521 0.968
203522 0.970
203523 0.969
203524 0.970
203526 0.969
203527 0.970
203528 0.970
203529 0.970
203530 0.970
203531 0.970
203532 0.970
203533 0.970
203535 0.970
203536 0.970
203537 0.970
203538 0.970
203539 0.970
203540 0.970
203541 0.970
203542 0.970
203544 0.970
203545 0.970
203546 0.970
203547 0.970
203548 0.970
203549 0.970
203550 0.970
203551 0.970
203553 0.970
203554 0.970
203555 0.970
203556 0.970
203557 0.970
203558 0.970
203559 0.970
203560 0.970
203562 0.970
203563 0.970
203564 0.970
203565 0.970
203566 0.970
203567 0.970
203569 0.970
203572 0.970
203574 0.970
203576 0.970
203578 0.970
203581 0.970
203583 0.970
203585 0.970
203587 0.970
203590 0.970
203592 0.970
203594 0.970
203596 0.970
203598 0.971
203601 0.971
203603 0.971
203605 0.971
203607 0.971
203610 0.971
203612 0.971
203614 0.971
203616 0.971
203619 0.971
203621 0.971
203623 0.971
203625 0.971
203628 0.971
203632 0.971
203636 0.971
203641 0.971
203645 0.971
203650 0.971
203654 0.971
203659 0.971
203663 0.971
203668 0.971
203672 0.971
203676 0.972
203681 0.972
203685 0.973
203690 0.973
203699 0.973
203707 0.973
203716 0.973
203725 0.973
203734 0.973
203743 0.973
203752 0.973
203770 0.974
203787 0.975
203805 0.975
203823 0.974
203858 0.975
203894 0.976
203964 0.976
204064 0.978
204163 0.979
204263 0.980
204363 0.981
204462 0.983
204562 0.984
204661 0.985
204761 0.986
204860 0.987
204960 0.988
205059 0.988
205159 0.989
205258 0.990
205358 0.991
205458 0.991
205557 0.993
205657 0.993
205756 0.994
205856 0.994
205955 0.995
206055 0.996
206154 0.996
206254 0.996
206354 0.998
206453 0.998
206553 0.998
206652 0.999
206752 0.999
206851 0.999
206951 1.001
207050 1.001
207150 1.001
207250 1.001
207349 1.003
207449 1.003
207548 1.003
207648 1.003
207747 1.004
207847 1.004
207946 1.004
208046 1.004
208145 1.005
208245 1.006
208345 1.006
208444 1.006
208544 1.006
208643 1.007
208743 1.008
208842 1.008
208942 1.008
209041 1.008
209141 1.008
209241 1.009
209340 1.009
209440 1.009
209539 1.009
209639 1.009
209738 1.009
209838 1.011
209937 1.011
210037 1.011
210137 1.011
210236 1.011
210336 1.011
210435 1.012
210535 1.013
210634 1.013
210734 1.013
210833 1.013
210933 1.013
211033 1.013
211132 1.013
211232 1.013
211331 1.014
211431 1.014
211530 1.014
211630 1.014
211729 1.014
211829 1.014
211928 1.014
212028 1.015
212128 1.016
212227 1.016
212327 1.016
212426 1.016
212526 1.016
212625 1.016
212725 1.016
212824 1.016
212924 1.016
213024 1.017
213123 1.018
213223 1.018
213322 1.018
213422 1.018
213521 1.018
213621 1.018
213720 1.018
213820 1.018
213920 1.018
214019 1.019
214119 1.019
214218 1.019
214318 1.019
214417 1.019
214517 1.019
214616 1.019
214716 1.019
214816 1.019
214915 1.019
215015 1.020
215114 1.021
215214 1.021
215313 1.021
215413 1.021
215512 1.021
215612 1.021
215712 1.021
215811 1.021
215911 1.021
216010 1.021
216110 1.021
216209 1.021
216309 1.022
216408 1.023
216508 1.023
216607 1.023
216707 1.023
216807 1.023
216906 1.023
217006 1.023
217105 1.023
217205 1.023
217304 1.023
217404 1.023
217503 1.023
217603 1.023
217703 1.024
217802 1.024
217902 1.024
218001 1.024
218101 1.024
218200 1.024
218300 1.024
218399 1.024
218499 1.024
218599 1.024
218698 1.024
218798 1.024
218897 1.024
218997 1.024
219096 1.024
219196 1.025
219295 1.025
219395 1.026
219495 1.026
219594 1.026
219694 1.026
219793 1.026
219893 1.026
219992 1.026
220092 1.026
220191 1.026
220291 1.026
220390 1.026
220490 1.026
220590 1.026
220689 1.026
220789 1.026
220888 1.026
220988 1.027
221087 1.027
221187 1.028
221286 1.028
221386 1.028
221486 1.028
221585 1.028
221685 1.028
221784 1.028
221884 1.028
221983 1.028
222083 1.028
222182 1.028
222282 1.028
222382 1.028
222481 1.028
222581 1.028
222680 1.028
222780 1.028
222879 1.029
222979 1.029
223078 1.029
223178 1.029
223278 1.029
223377 1.029
223477 1.029
223576 1.029
223676 1.029
223775 1.029
223875 1.029
223974 1.029
224074 1.029
224173 1.029
224273 1.029
224373 1.029
224472 1.029
224572 1.029
224671 1.029
224771 1.030
224870 1.030
224970 1.031
225069 1.031
225169 1.031
225269 1.031
225368 1.031
225468 1.031
225567 1.031
225667 1.031
225766 1.031
225866 1.031
225965 1.031
226065 1.031
226165 1.031
226264 1.031
226364 1.031
226463 1.031
226563 1.031
226662 1.032
226762 1.032
226861 1.032
226961 1.033
227061 1.033
227160 1.033
227260 1.033
227359 1.033
227459 1.033
227558 1.033
