# Este conjunto de dados, denominado CargaPilhasAA, é composto por vários arquivos com dados de descarga e de recuperação de pilhas AA de diversos fabricantes. Estes dados são distribuídos sob licença Creative Commons Attribution 4.0 (CC-BY). <http://creativecommons.org/licenses/by/4.0/>
# This dataset, named CargaPilhasAA, is composed of several files with discharge and recovery of AA batteries from several manufacturers. This dataset is licensed under a Creative Commons Attribution 4.0 International License (CC-BY). <http://creativecommons.org/licenses/by/4.0/>
# Galileu H. Oliveira, Rio de Janeiro, Brasil. Jan/2023.
# Fabricante: PHILIPS
# Tipo: alcalina
# Exemplar: 2
# Processo: descarga
# Corrente: 50 mA
# tempo (segundos)  tensão (volts)
Time PH2
0 1.614
1 1.586
3 1.559
4 1.558
5 1.557
6 1.557
7 1.557
8 1.557
9 1.556
10 1.556
12 1.556
13 1.556
14 1.556
15 1.556
16 1.556
17 1.556
18 1.556
19 1.555
21 1.555
22 1.554
23 1.554
24 1.554
25 1.554
26 1.554
27 1.554
28 1.554
30 1.554
31 1.554
32 1.554
34 1.554
36 1.552
38 1.552
41 1.552
43 1.552
45 1.552
47 1.552
50 1.552
52 1.552
54 1.552
56 1.552
59 1.551
61 1.552
63 1.551
65 1.551
67 1.551
70 1.551
72 1.551
74 1.551
76 1.551
79 1.551
81 1.551
83 1.551
85 1.551
88 1.551
90 1.551
92 1.551
94 1.550
99 1.549
103 1.549
108 1.549
112 1.549
116 1.549
121 1.549
125 1.549
130 1.549
134 1.549
139 1.548
143 1.547
148 1.547
152 1.547
156 1.547
165 1.547
174 1.547
183 1.547
192 1.546
201 1.546
210 1.546
219 1.546
236 1.545
254 1.544
272 1.544
289 1.544
325 1.542
360 1.542
431 1.540
531 1.538
630 1.535
730 1.532
829 1.530
929 1.528
1028 1.525
1128 1.522
1227 1.520
1327 1.518
1426 1.516
1526 1.514
1626 1.512
1725 1.510
1825 1.508
1924 1.506
2024 1.504
2123 1.502
2223 1.500
2322 1.498
2422 1.496
2522 1.495
2621 1.493
2721 1.492
2820 1.490
2920 1.489
3019 1.487
3119 1.486
3218 1.484
3318 1.483
3417 1.481
3517 1.480
3617 1.479
3716 1.478
3816 1.476
3915 1.475
4015 1.474
4114 1.472
4214 1.471
4313 1.469
4413 1.468
4512 1.467
4612 1.466
4712 1.465
4811 1.464
4911 1.463
5010 1.461
5110 1.461
5209 1.459
5309 1.459
5408 1.458
5508 1.457
5607 1.456
5707 1.455
5807 1.454
5906 1.453
6006 1.452
6105 1.451
6205 1.451
6304 1.449
6404 1.449
6503 1.448
6603 1.447
6702 1.446
6802 1.446
6902 1.444
7001 1.444
7101 1.443
7200 1.442
7300 1.441
7399 1.441
7499 1.440
7598 1.439
7698 1.438
7798 1.438
7897 1.436
7997 1.436
8096 1.434
8196 1.434
8295 1.433
8395 1.433
8494 1.432
8594 1.431
8693 1.431
8793 1.430
8893 1.429
8992 1.429
9092 1.428
9191 1.428
9291 1.427
9390 1.426
9490 1.426
9589 1.425
9689 1.424
9788 1.424
9888 1.423
9988 1.423
10087 1.421
10187 1.421
10286 1.421
10386 1.420
10485 1.419
10585 1.419
10684 1.418
10784 1.418
10884 1.417
10983 1.416
11083 1.416
11182 1.415
11282 1.414
11381 1.414
11481 1.413
11580 1.413
11680 1.413
11779 1.411
11879 1.411
11979 1.411
12078 1.410
12178 1.409
12277 1.409
12377 1.408
12476 1.408
12576 1.408
12675 1.406
12775 1.406
12875 1.406
12974 1.405
13074 1.404
13173 1.404
13273 1.404
13372 1.403
13472 1.403
13571 1.403
13671 1.402
13770 1.401
13870 1.401
13970 1.401
14069 1.400
14169 1.400
14268 1.400
14368 1.399
14467 1.398
14567 1.398
14666 1.398
14766 1.397
14865 1.396
14965 1.396
15065 1.396
15164 1.395
15264 1.395
15363 1.395
15463 1.394
15562 1.393
15662 1.393
15761 1.393
15861 1.393
15961 1.392
16060 1.391
16160 1.391
16259 1.391
16359 1.391
16458 1.390
16558 1.390
16657 1.390
16757 1.390
16856 1.389
16956 1.388
17056 1.388
17155 1.388
17255 1.388
17354 1.387
17454 1.386
17553 1.386
17653 1.386
17752 1.386
17852 1.386
17951 1.385
18051 1.385
18151 1.385
18250 1.385
18350 1.384
18449 1.383
18549 1.383
18648 1.383
18748 1.383
18847 1.381
18947 1.381
19047 1.381
19146 1.381
19246 1.381
19345 1.380
19445 1.380
19544 1.380
19644 1.380
19743 1.380
19843 1.378
19942 1.378
20042 1.378
20142 1.378
20241 1.378
20341 1.378
20440 1.377
20540 1.376
20639 1.376
20739 1.376
20838 1.376
20938 1.376
21037 1.375
21137 1.375
21237 1.375
21336 1.375
21436 1.375
21535 1.373
21635 1.373
21734 1.373
21834 1.373
21933 1.373
22033 1.373
22133 1.372
22232 1.371
22332 1.371
22431 1.371
22531 1.371
22630 1.370
22730 1.370
22829 1.370
22929 1.370
23028 1.370
23128 1.369
23228 1.368
23327 1.368
23427 1.368
23526 1.368
23626 1.368
23725 1.368
23825 1.368
23924 1.367
24024 1.366
24124 1.366
24223 1.366
24323 1.366
24422 1.365
24522 1.365
24621 1.365
24721 1.365
24820 1.365
24920 1.365
25020 1.363
25119 1.363
25219 1.363
25318 1.363
25418 1.363
25517 1.363
25617 1.362
25716 1.361
25816 1.361
25915 1.361
26015 1.361
26115 1.361
26214 1.360
26314 1.360
26413 1.360
26513 1.360
26612 1.359
26712 1.358
26811 1.358
26911 1.358
27011 1.358
27110 1.358
27210 1.357
27309 1.356
27409 1.356
27508 1.356
27608 1.356
27707 1.356
27807 1.355
27907 1.355
28006 1.355
28106 1.355
28205 1.355
28305 1.355
28404 1.353
28504 1.353
28603 1.353
28703 1.353
28802 1.353
28902 1.353
29002 1.352
29101 1.351
29201 1.351
29300 1.351
29400 1.351
29499 1.351
29599 1.350
29698 1.350
29798 1.350
29898 1.350
29997 1.350
30097 1.349
30196 1.348
30296 1.348
30395 1.348
30495 1.348
30594 1.348
30694 1.348
30793 1.347
30893 1.346
30993 1.346
31092 1.346
31192 1.346
31291 1.346
31391 1.345
31490 1.345
31590 1.345
31689 1.345
31789 1.345
31889 1.344
31988 1.343
32088 1.343
32187 1.343
32287 1.343
32386 1.343
32486 1.343
32585 1.342
32685 1.341
32785 1.341
32884 1.341
32984 1.341
33083 1.341
33183 1.340
33282 1.340
33382 1.340
33481 1.340
33581 1.340
33680 1.340
33780 1.338
33880 1.338
33979 1.338
34079 1.338
34178 1.338
34278 1.338
34377 1.337
34477 1.336
34576 1.336
34676 1.336
34776 1.336
34875 1.336
34975 1.335
35074 1.335
35174 1.335
35273 1.335
35373 1.335
35472 1.335
35572 1.333
35672 1.333
35771 1.333
35871 1.333
35970 1.333
36070 1.333
36169 1.332
36269 1.331
36368 1.331
36468 1.331
36568 1.331
36667 1.331
36767 1.331
36866 1.330
36966 1.330
37065 1.330
37165 1.330
37264 1.330
37364 1.330
37463 1.328
37563 1.328
37663 1.328
37762 1.328
37862 1.328
37961 1.328
38061 1.328
38160 1.328
38260 1.327
38359 1.326
38459 1.326
38559 1.326
38658 1.326
38758 1.326
38857 1.326
38957 1.325
39056 1.325
39156 1.325
39255 1.325
39355 1.325
39455 1.325
39554 1.324
39654 1.323
39753 1.323
39853 1.323
39952 1.323
40052 1.323
40151 1.323
40251 1.323
40351 1.322
40450 1.321
40550 1.321
40649 1.321
40749 1.321
40848 1.321
40948 1.321
41047 1.320
41147 1.320
41247 1.320
41346 1.320
41446 1.320
41545 1.320
41645 1.319
41744 1.318
41844 1.318
41943 1.318
42043 1.318
42143 1.318
42242 1.318
42342 1.317
42441 1.317
42541 1.317
42640 1.317
42740 1.317
42839 1.316
42939 1.316
43038 1.315
43138 1.315
43238 1.315
43337 1.315
43437 1.315
43536 1.315
43636 1.315
43735 1.314
43835 1.313
43934 1.313
44034 1.313
44134 1.313
44233 1.313
44333 1.313
44432 1.312
44532 1.312
44631 1.312
44731 1.312
44830 1.312
44930 1.311
45030 1.311
45129 1.310
45229 1.310
45328 1.310
45428 1.310
45527 1.310
45627 1.310
45726 1.310
45826 1.308
45926 1.308
46025 1.308
46125 1.308
46224 1.308
46324 1.308
46423 1.308
46523 1.307
46622 1.307
46722 1.307
46822 1.307
46921 1.307
47021 1.307
47120 1.307
47220 1.306
47319 1.305
47419 1.305
47518 1.305
47618 1.305
47718 1.305
47817 1.305
47917 1.305
48016 1.304
48116 1.303
48215 1.303
48315 1.303
48414 1.303
48514 1.303
48614 1.303
48713 1.303
48813 1.303
48912 1.302
49012 1.302
49111 1.302
49211 1.302
49310 1.302
49410 1.302
49509 1.302
49609 1.302
49709 1.301
49808 1.301
49908 1.300
50007 1.300
50107 1.300
50206 1.300
50306 1.300
50405 1.300
50505 1.300
50605 1.299
50704 1.298
50804 1.298
50903 1.298
51003 1.298
51102 1.298
51202 1.298
51301 1.298
51401 1.298
51500 1.297
51600 1.297
51700 1.297
51799 1.297
51899 1.297
51998 1.297
52098 1.297
52197 1.297
52297 1.296
52396 1.295
52496 1.295
52596 1.295
52695 1.295
52795 1.295
52894 1.295
52994 1.295
53093 1.295
53193 1.295
53292 1.294
53392 1.293
53492 1.293
53591 1.293
53691 1.293
53790 1.293
53890 1.293
53989 1.293
54089 1.293
54188 1.292
54288 1.292
54388 1.292
54487 1.292
54587 1.292
54686 1.292
54786 1.292
54885 1.292
54985 1.291
55084 1.290
55184 1.290
55283 1.290
55383 1.290
55483 1.290
55582 1.290
55682 1.290
55781 1.290
55881 1.290
55980 1.289
56080 1.288
56179 1.288
56279 1.288
56379 1.288
56478 1.288
56578 1.288
56677 1.288
56777 1.288
56876 1.288
56976 1.287
57075 1.287
57175 1.287
57275 1.287
57374 1.287
57474 1.287
57573 1.287
57673 1.287
57772 1.286
57872 1.286
57971 1.285
58071 1.285
58171 1.285
58270 1.285
58370 1.285
58469 1.285
58569 1.285
58668 1.285
58768 1.285
58867 1.284
58967 1.283
59066 1.283
59166 1.283
59266 1.283
59365 1.283
59465 1.283
59564 1.283
59664 1.283
59763 1.282
59863 1.282
59962 1.282
60062 1.282
60162 1.282
60261 1.282
60361 1.282
60460 1.282
60560 1.282
60659 1.281
60759 1.280
60858 1.280
60958 1.280
61058 1.280
61157 1.280
61257 1.280
61356 1.280
61456 1.280
61555 1.280
61655 1.280
61754 1.279
61854 1.278
61954 1.278
62053 1.278
62153 1.278
62252 1.278
62352 1.278
62451 1.278
62551 1.278
62650 1.278
62750 1.277
62849 1.277
62949 1.277
63049 1.277
63148 1.277
63248 1.277
63347 1.277
63447 1.277
63546 1.277
63646 1.276
63745 1.276
63845 1.275
63945 1.275
64044 1.275
64144 1.275
64243 1.275
64343 1.275
64442 1.275
64542 1.275
64641 1.274
64741 1.273
64841 1.273
64940 1.273
65040 1.273
65139 1.273
65239 1.273
65338 1.273
65438 1.273
65537 1.273
65637 1.272
65736 1.272
65836 1.272
65936 1.272
66035 1.272
66135 1.272
66234 1.272
66334 1.272
66433 1.272
66533 1.272
66632 1.271
66732 1.270
66832 1.270
66931 1.270
67031 1.270
67130 1.270
67230 1.270
67329 1.270
67429 1.270
67528 1.270
67628 1.270
67728 1.270
67827 1.269
67927 1.269
68026 1.268
68126 1.268
68225 1.268
68325 1.268
68424 1.268
68524 1.268
68624 1.268
68723 1.268
68823 1.268
68922 1.268
69022 1.267
69121 1.267
69221 1.267
69320 1.267
69420 1.267
69520 1.267
69619 1.267
69719 1.267
69818 1.267
69918 1.267
70017 1.266
70117 1.265
70216 1.265
70316 1.265
70415 1.265
70515 1.265
70615 1.265
70714 1.265
70814 1.265
70913 1.265
71013 1.265
71112 1.264
71212 1.263
71311 1.263
71411 1.263
71511 1.263
71610 1.263
71710 1.263
71809 1.263
71909 1.263
72008 1.263
72108 1.262
72207 1.262
72307 1.262
72407 1.262
72506 1.262
72606 1.262
72705 1.262
72805 1.262
72904 1.262
73004 1.261
73103 1.260
73203 1.260
73303 1.260
73402 1.260
73502 1.260
73601 1.260
73701 1.260
73800 1.260
73900 1.260
73999 1.259
74099 1.258
74199 1.258
74298 1.258
74398 1.258
74497 1.258
74597 1.258
74696 1.258
74796 1.258
74895 1.258
74995 1.258
75094 1.258
75194 1.258
75294 1.257
75393 1.257
75493 1.257
75592 1.257
75692 1.257
75791 1.257
75891 1.257
75990 1.257
76090 1.257
76190 1.257
76289 1.256
76389 1.255
76488 1.255
76588 1.255
76687 1.255
76787 1.255
76886 1.255
76986 1.255
77086 1.254
77185 1.254
77285 1.253
77384 1.253
77484 1.253
77583 1.253
77683 1.253
77782 1.253
77882 1.253
77982 1.253
78081 1.253
78181 1.253
78280 1.252
78380 1.252
78479 1.252
78579 1.252
78678 1.252
78778 1.252
78878 1.252
78977 1.252
79077 1.252
79176 1.252
79276 1.252
79375 1.251
79475 1.251
79574 1.250
79674 1.250
79774 1.250
79873 1.250
79973 1.250
80072 1.250
80172 1.250
80271 1.250
80371 1.250
80470 1.250
80570 1.249
80669 1.248
80769 1.248
80869 1.248
80968 1.248
81068 1.248
81167 1.248
81267 1.248
81366 1.248
81466 1.248
81565 1.247
81665 1.247
81765 1.247
81864 1.247
81964 1.247
82063 1.247
82163 1.247
82262 1.247
82362 1.247
82461 1.246
82561 1.245
82661 1.245
82760 1.245
82860 1.245
82959 1.245
83059 1.245
83158 1.245
83258 1.245
83357 1.245
83457 1.245
83556 1.245
83656 1.245
83756 1.245
83855 1.245
83955 1.245
84054 1.244
84154 1.244
84253 1.243
84353 1.243
84452 1.243
84552 1.243
84652 1.243
84751 1.243
84851 1.243
84950 1.243
85050 1.243
85149 1.243
85249 1.242
85348 1.242
85448 1.242
85548 1.242
85647 1.242
85747 1.242
85846 1.242
85946 1.242
86045 1.242
86145 1.242
86244 1.242
86344 1.242
86444 1.242
86543 1.242
86643 1.242
86742 1.242
86842 1.242
86941 1.242
87041 1.242
87140 1.242
87240 1.242
87340 1.242
87439 1.242
87539 1.242
87638 1.241
87738 1.241
87837 1.241
87937 1.242
88036 1.242
88136 1.241
88236 1.242
88335 1.242
88435 1.242
88534 1.242
88634 1.242
88733 1.242
88833 1.241
88932 1.241
89032 1.241
89131 1.240
89231 1.240
89331 1.240
89430 1.240
89530 1.240
89629 1.240
89729 1.240
89828 1.240
89928 1.240
90027 1.240
90127 1.240
90227 1.240
90326 1.240
90426 1.240
90525 1.240
90625 1.240
90724 1.239
90824 1.238
90923 1.238
91023 1.238
91123 1.238
91222 1.238
91322 1.238
91421 1.238
91521 1.237
91620 1.237
91720 1.237
91819 1.237
91919 1.237
92019 1.237
92118 1.237
92218 1.237
92317 1.237
92417 1.236
92516 1.235
92616 1.235
92715 1.235
92815 1.235
92914 1.235
93014 1.235
93114 1.235
93213 1.235
93313 1.235
93412 1.235
93512 1.234
93611 1.234
93711 1.233
93810 1.233
93910 1.233
94010 1.233
94109 1.233
94209 1.232
94308 1.232
94408 1.232
94507 1.232
94607 1.232
94706 1.232
94806 1.232
94906 1.232
95005 1.232
95105 1.232
95204 1.232
95304 1.232
95403 1.232
95503 1.232
95602 1.231
95702 1.230
95802 1.230
95901 1.230
96001 1.230
96100 1.230
96200 1.230
96299 1.230
96399 1.230
96498 1.229
96598 1.229
96698 1.229
96797 1.229
96897 1.229
96996 1.229
97096 1.229
97195 1.229
97295 1.229
97394 1.229
97494 1.229
97594 1.229
97693 1.229
97793 1.228
97892 1.227
97992 1.227
98091 1.227
98191 1.227
98290 1.227
98390 1.227
98490 1.227
98589 1.225
98689 1.225
98788 1.225
98888 1.225
98987 1.225
99087 1.225
99186 1.225
99286 1.225
99385 1.225
99485 1.225
99585 1.225
99684 1.225
99784 1.224
99883 1.224
99983 1.224
100082 1.224
100182 1.224
100281 1.224
100381 1.224
100481 1.224
100580 1.224
100680 1.224
100779 1.223
100879 1.222
100978 1.222
101078 1.222
101177 1.222
101277 1.222
101377 1.221
101476 1.220
101576 1.220
101675 1.220
101775 1.220
101874 1.220
101974 1.220
102073 1.220
102173 1.220
102273 1.220
102372 1.219
102472 1.219
102571 1.219
102671 1.219
102770 1.219
102870 1.219
102969 1.219
103069 1.219
103169 1.219
103268 1.218
103368 1.217
103467 1.217
103567 1.217
103666 1.217
103766 1.217
103865 1.217
103965 1.217
104065 1.217
104164 1.217
104264 1.217
104363 1.216
104463 1.216
104562 1.215
104662 1.215
104761 1.215
104861 1.215
104960 1.215
105060 1.215
105160 1.215
105259 1.215
105359 1.215
105458 1.215
105558 1.215
105657 1.214
105757 1.214
105856 1.214
105956 1.214
106056 1.214
106155 1.214
106255 1.214
106354 1.213
106454 1.212
106553 1.212
106653 1.212
106752 1.212
106852 1.212
106952 1.211
107051 1.210
107151 1.210
107250 1.210
107350 1.210
107449 1.210
107549 1.210
107648 1.210
107748 1.209
107848 1.209
107947 1.209
108047 1.209
108146 1.209
108246 1.209
108345 1.209
108445 1.209
108544 1.208
108644 1.207
108744 1.207
108843 1.207
108943 1.207
109042 1.207
109142 1.207
109241 1.207
109341 1.206
109440 1.205
109540 1.205
109639 1.205
109739 1.205
109839 1.205
109938 1.205
110038 1.204
110137 1.204
110237 1.204
110336 1.204
110436 1.204
110535 1.204
110635 1.204
110735 1.203
110834 1.202
110934 1.202
111033 1.202
111133 1.202
111232 1.202
111332 1.202
111431 1.202
111531 1.201
111631 1.200
111730 1.200
111830 1.200
111929 1.200
112029 1.200
112128 1.200
112228 1.199
112327 1.199
112427 1.199
112527 1.199
112626 1.199
112726 1.198
112825 1.197
112925 1.197
113024 1.197
113124 1.197
113223 1.196
113323 1.195
113423 1.195
113522 1.195
113622 1.195
113721 1.195
113821 1.195
113920 1.195
114020 1.195
114119 1.195
114219 1.195
114319 1.195
114418 1.194
114518 1.194
114617 1.194
114717 1.194
114816 1.194
114916 1.193
115015 1.192
115115 1.192
115214 1.192
115314 1.192
115414 1.192
115513 1.191
115613 1.190
115712 1.190
115812 1.190
115911 1.190
116011 1.190
116110 1.190
116210 1.190
116310 1.189
116409 1.189
116509 1.189
116608 1.189
116708 1.189
116807 1.189
116907 1.189
117006 1.188
117106 1.187
117206 1.187
117305 1.187
117405 1.187
117504 1.187
117604 1.186
117703 1.186
117803 1.185
117902 1.185
118002 1.185
118102 1.185
118201 1.184
118301 1.184
118400 1.184
118500 1.184
118599 1.184
118699 1.184
118798 1.184
118898 1.183
118998 1.182
119097 1.182
119197 1.182
119296 1.182
119396 1.182
119495 1.182
119595 1.182
119694 1.182
119794 1.182
119894 1.181
119993 1.180
120093 1.180
120192 1.180
120292 1.180
120391 1.179
120491 1.179
120590 1.179
120690 1.179
120790 1.179
120889 1.179
120989 1.179
121088 1.179
121188 1.178
121287 1.177
121387 1.177
121486 1.177
121586 1.177
121685 1.177
121785 1.177
121885 1.176
121984 1.175
122084 1.175
122183 1.175
122283 1.175
122382 1.175
122482 1.175
122581 1.174
122681 1.174
122781 1.174
122880 1.174
122980 1.174
123079 1.174
123179 1.172
123278 1.172
123378 1.172
123477 1.172
123577 1.172
123677 1.172
123776 1.172
123876 1.172
123975 1.171
124075 1.170
124174 1.170
124274 1.170
124373 1.170
124473 1.170
124573 1.170
124672 1.169
124772 1.169
124871 1.169
124971 1.169
125070 1.169
125170 1.169
125269 1.168
125369 1.167
125469 1.167
125568 1.167
125668 1.167
125767 1.167
125867 1.166
125966 1.165
126066 1.165
126165 1.165
126265 1.165
126365 1.165
126464 1.164
126564 1.164
126663 1.164
126763 1.164
126862 1.164
126962 1.164
127061 1.163
127161 1.162
127261 1.162
127360 1.162
127460 1.162
127559 1.162
127659 1.162
127758 1.161
127858 1.160
127957 1.160
128057 1.160
128156 1.160
128256 1.160
128356 1.159
128455 1.159
128555 1.159
128654 1.159
128754 1.159
128853 1.159
128953 1.159
129052 1.158
129152 1.157
129252 1.157
129351 1.157
129451 1.157
129550 1.157
129650 1.156
129749 1.155
129849 1.155
129948 1.155
130048 1.155
130148 1.154
130247 1.154
130347 1.154
130446 1.154
130546 1.154
130645 1.154
130745 1.153
130844 1.152
130944 1.152
131044 1.152
131143 1.152
131243 1.152
131342 1.151
131442 1.150
131541 1.150
131641 1.150
131740 1.150
131840 1.149
131940 1.149
132039 1.149
132139 1.149
132238 1.149
132338 1.147
132437 1.147
132537 1.147
132636 1.147
132736 1.147
132836 1.146
132935 1.146
133035 1.146
133134 1.145
133234 1.145
133333 1.144
133433 1.144
133532 1.144
133632 1.144
133732 1.144
133831 1.143
133931 1.142
134030 1.142
134130 1.142
134229 1.142
134329 1.141
134428 1.141
134528 1.141
134628 1.141
134727 1.140
134827 1.139
134926 1.139
135026 1.139
135125 1.139
135225 1.137
135324 1.137
135424 1.137
135524 1.137
135623 1.137
135723 1.137
135822 1.137
135922 1.136
136021 1.136
136121 1.136
136220 1.136
136320 1.135
136420 1.134
136519 1.134
136619 1.134
136718 1.133
136818 1.132
136917 1.132
137017 1.132
137116 1.132
137216 1.132
137315 1.132
137415 1.131
137515 1.131
137614 1.131
137714 1.131
137813 1.130
137913 1.129
138012 1.129
138112 1.129
138211 1.129
138311 1.129
138411 1.128
138510 1.127
138610 1.127
138709 1.127
138809 1.126
138908 1.126
139008 1.126
139107 1.125
139207 1.124
139307 1.124
139406 1.124
139506 1.124
139605 1.124
139705 1.123
139804 1.122
139904 1.122
140003 1.122
140103 1.122
140203 1.121
140302 1.121
140402 1.121
140501 1.121
140601 1.120
140700 1.119
140800 1.119
140899 1.119
140999 1.119
141099 1.119
141198 1.119
141298 1.117
141397 1.117
141497 1.117
141596 1.117
141696 1.116
141795 1.116
141895 1.116
141995 1.116
142094 1.116
142194 1.115
142293 1.114
142393 1.114
142492 1.113
142592 1.112
142691 1.112
142791 1.112
142891 1.112
142990 1.112
143090 1.111
143189 1.111
143289 1.110
143388 1.109
143488 1.109
143587 1.109
143687 1.108
143787 1.107
143886 1.107
143986 1.107
144085 1.106
144185 1.106
144284 1.106
144384 1.105
144483 1.104
144583 1.104
144682 1.104
144782 1.103
144882 1.102
144981 1.102
145081 1.102
145180 1.101
145280 1.101
145379 1.101
145479 1.099
145578 1.099
145678 1.099
145778 1.098
145877 1.097
145977 1.097
146076 1.097
146176 1.096
146275 1.096
146375 1.096
146474 1.094
146574 1.094
146674 1.094
146773 1.093
146873 1.092
146972 1.092
147072 1.092
147171 1.091
147271 1.091
147370 1.090
147470 1.089
147570 1.089
147669 1.089
147769 1.087
147868 1.087
147968 1.087
148067 1.086
148167 1.086
148266 1.086
148366 1.085
148465 1.084
148565 1.084
148665 1.082
148764 1.082
148864 1.082
148963 1.081
149063 1.081
149162 1.080
149262 1.079
149361 1.079
149461 1.079
149561 1.078
149660 1.077
149760 1.077
149859 1.077
149959 1.076
150058 1.075
150158 1.074
150257 1.074
150357 1.073
150457 1.072
150556 1.071
150656 1.071
150755 1.070
150855 1.069
150954 1.069
151054 1.068
151153 1.067
151253 1.067
151353 1.067
151452 1.066
151552 1.065
151651 1.064
151751 1.064
151850 1.063
151950 1.063
152049 1.062
152149 1.062
152248 1.061
152348 1.060
152448 1.059
152547 1.059
152647 1.058
152746 1.058
152846 1.056
152945 1.056
153045 1.056
153144 1.055
153244 1.054
153344 1.053
153443 1.053
153543 1.052
153642 1.051
153742 1.051
153841 1.049
153941 1.049
154040 1.049
154140 1.048
154240 1.048
154339 1.047
154439 1.046
154538 1.045
154638 1.044
154737 1.044
154837 1.043
154936 1.043
155036 1.042
155136 1.041
155235 1.041
155335 1.039
155434 1.039
155534 1.038
155633 1.038
155733 1.037
155832 1.036
155932 1.036
156032 1.035
156131 1.034
156231 1.034
156330 1.033
156430 1.033
156529 1.032
156629 1.031
156728 1.031
156828 1.030
156928 1.029
157027 1.029
157127 1.029
157226 1.028
157326 1.028
157425 1.027
157525 1.026
157624 1.026
157724 1.025
157824 1.024
157923 1.024
158023 1.024
158122 1.023
158222 1.023
158321 1.023
158421 1.022
158520 1.021
158620 1.021
158720 1.021
158819 1.019
158919 1.019
159018 1.018
159118 1.018
159217 1.018
159317 1.016
159416 1.016
159516 1.016
159615 1.016
159715 1.015
159815 1.014
159914 1.014
160014 1.014
160113 1.013
160213 1.013
160312 1.013
160412 1.012
160511 1.011
160611 1.011
160711 1.009
160810 1.009
160910 1.009
161009 1.008
161109 1.008
161208 1.008
161308 1.007
161407 1.006
161507 1.006
161606 1.006
161706 1.004
161806 1.004
161905 1.004
162005 1.003
162104 1.003
162204 1.002
162303 1.001
162403 1.001
162502 1.001
162602 0.999
162701 0.999
162801 0.999
162901 0.998
163000 0.998
163100 0.998
163199 0.996
163299 0.996
163398 0.996
163498 0.994
163597 0.994
163697 0.994
163797 0.994
163896 0.993
163996 0.993
164095 0.992
164195 0.991
164294 0.991
164394 0.991
164493 0.990
164593 0.989
164692 0.989
164792 0.988
164892 0.988
164991 0.988
165091 0.988
165190 0.986
165290 0.986
165389 0.986
165489 0.985
165588 0.984
165688 0.984
165787 0.984
165887 0.983
165987 0.983
166086 0.983
166186 0.981
166285 0.981
166385 0.981
166484 0.980
166584 0.979
166683 0.979
166783 0.979
166883 0.978
166982 0.978
167082 0.977
167181 0.976
167281 0.976
167380 0.976
167480 0.975
167579 0.975
167679 0.974
167778 0.973
167878 0.973
167978 0.972
168077 0.971
168177 0.971
168276 0.970
168376 0.970
168475 0.970
168575 0.969
168674 0.968
168774 0.968
168874 0.967
168973 0.966
169073 0.966
169172 0.965
169272 0.965
169371 0.964
169471 0.963
169570 0.963
169670 0.963
169769 0.961
169869 0.961
169969 0.960
170068 0.960
170168 0.959
170267 0.958
170367 0.958
170466 0.958
170566 0.956
170665 0.956
170765 0.956
170865 0.955
170964 0.955
171064 0.953
171163 0.953
171263 0.953
171362 0.952
171462 0.951
171561 0.951
171661 0.950
171760 0.950
171860 0.949
171960 0.948
172059 0.948
172159 0.948
172258 0.946
172358 0.946
172457 0.945
172557 0.945
172656 0.944
172756 0.943
172856 0.943
172955 0.942
173055 0.941
173154 0.941
173254 0.940
173353 0.940
173453 0.939
173552 0.938
173652 0.938
173751 0.936
173851 0.936
173951 0.935
174050 0.935
174150 0.934
174249 0.933
174349 0.933
174448 0.931
174548 0.931
174647 0.930
174747 0.930
174846 0.929
174946 0.928
175046 0.928
175145 0.926
175245 0.926
175344 0.925
175444 0.925
175543 0.924
175643 0.923
175742 0.922
175842 0.921
175942 0.921
176041 0.920
176141 0.919
176240 0.918
176340 0.917
176439 0.916
176539 0.915
176638 0.914
176738 0.913
176838 0.912
176937 0.911
177037 0.910
177136 0.909
177236 0.908
177335 0.907
177435 0.906
177534 0.905
177634 0.905
177733 0.903
177833 0.903
177933 0.902
178032 0.901
178132 0.900
178231 0.899
178331 0.898
178430 0.897
178530 0.896
178629 0.895
178729 0.894
178828 0.893
178928 0.892
179028 0.891
179127 0.890
179227 0.890
179326 0.888
179426 0.887
179525 0.887
179625 0.885
179724 0.885
179824 0.883
179923 0.883
180023 0.882
180123 0.881
180222 0.880
180322 0.879
180323 0.878
180324 0.878
180325 0.878
180326 0.878
180327 0.878
180328 0.878
180330 0.878
180331 0.878
180332 0.878
180333 0.878
180334 0.878
180335 0.878
180336 0.878
180337 0.878
180339 0.878
180340 0.878
180341 0.878
180342 0.878
180343 0.878
180344 0.878
180345 0.878
180346 0.878
180348 0.878
180349 0.878
180350 0.878
180351 0.878
180352 0.878
180353 0.878
180354 0.878
180355 0.878
180357 0.878
180358 0.878
180359 0.878
180360 0.878
180361 0.878
180362 0.878
180363 0.878
180365 0.878
180366 0.878
180367 0.878
180368 0.878
180369 0.878
180370 0.878
180371 0.878
180372 0.878
180374 0.878
180375 0.878
180376 0.878
180377 0.878
180378 0.878
180379 0.878
180380 0.878
180381 0.878
180383 0.878
180385 0.878
180387 0.878
180389 0.878
180391 0.878
180394 0.878
180396 0.878
180398 0.878
180400 0.878
180403 0.878
180405 0.878
180407 0.878
180409 0.877
180412 0.878
180414 0.877
180416 0.877
180418 0.877
180421 0.877
180423 0.877
180425 0.877
180427 0.877
180429 0.877
180432 0.877
180434 0.877
180436 0.878
180438 0.877
180441 0.877
180443 0.877
180445 0.877
180450 0.877
180454 0.877
180458 0.877
180463 0.877
180467 0.877
180472 0.877
180476 0.877
180481 0.877
180485 0.877
180490 0.877
180494 0.877
180498 0.877
180503 0.877
180507 0.877
180516 0.877
180525 0.877
180534 0.877
180543 0.877
180552 0.877
180561 0.877
180569 0.877
180587 0.877
180605 0.877
180623 0.876
180640 0.876
180676 0.875
180711 0.875
180782 0.875
180881 0.873
180981 0.873
181081 0.872
181180 0.871
181280 0.870
181379 0.869
181479 0.868
181578 0.867
181678 0.866
181777 0.865
181877 0.863
181976 0.863
182076 0.862
182176 0.860
182275 0.859
182375 0.858
182474 0.857
182574 0.856
182673 0.855
182773 0.854
182872 0.853
182972 0.852
183072 0.851
183171 0.849
183271 0.848
183370 0.847
183470 0.845
183569 0.844
183669 0.843
183768 0.842
183868 0.842
183967 0.840
184067 0.839
184167 0.838
184266 0.837
184366 0.836
184465 0.835
184565 0.833
184664 0.832
184764 0.831
184863 0.830
184963 0.828
185063 0.827
185162 0.826
185262 0.824
185361 0.823
185461 0.822
185560 0.820
185660 0.819
185759 0.818
185859 0.817
185959 0.815
186058 0.814
186158 0.812
186257 0.810
186258 0.808
186259 0.808
186261 0.808
186262 0.808
186263 0.808
186264 0.808
186265 0.808
186266 0.808
186267 0.808
186268 0.808
186270 0.808
186271 0.808
186272 0.808
186273 0.808
186274 0.808
186275 0.808
186276 0.808
186277 0.808
186279 0.808
186280 0.808
186281 0.808
186282 0.808
186283 0.808
186284 0.808
186285 0.808
186286 0.808
186288 0.808
186289 0.808
186290 0.808
186291 0.808
186292 0.808
186293 0.808
186294 0.808
186295 0.808
186297 0.808
186298 0.808
186299 0.808
186300 0.808
186301 0.808
186302 0.808
186303 0.808
186305 0.808
186306 0.808
186307 0.808
186308 0.808
186309 0.808
186310 0.808
186311 0.808
186312 0.808
186314 0.808
186315 0.808
186316 0.808
186317 0.808
186318 0.808
186320 0.808
186323 0.808
186325 0.808
186327 0.808
186329 0.808
186331 0.808
186334 0.808
186336 0.808
186338 0.808
186340 0.808
186343 0.808
186345 0.808
186347 0.808
186349 0.808
186352 0.808
186354 0.807
186356 0.807
186358 0.807
186360 0.807
186363 0.807
186365 0.807
186367 0.807
186369 0.807
186372 0.807
186374 0.807
186376 0.807
186378 0.807
186381 0.807
186385 0.807
186389 0.807
186394 0.807
186398 0.807
186403 0.807
186407 0.807
186412 0.807
186416 0.807
186421 0.807
186425 0.807
186429 0.807
186434 0.807
186438 0.807
186443 0.807
186452 0.807
186461 0.807
186469 0.807
186478 0.807
186487 0.806
186496 0.805
186505 0.805
186523 0.805
186540 0.805
186558 0.805
186576 0.805
186611 0.804
186647 0.804
186717 0.804
186817 0.802
186916 0.801
187016 0.800
187116 0.799
187215 0.797
187315 0.796
187414 0.795
187514 0.794
187613 0.793
187713 0.792
187812 0.790
187912 0.789
188011 0.787
188111 0.786
188211 0.785
188310 0.783
188410 0.782
188509 0.780
188609 0.778
188708 0.777
188808 0.775
188907 0.774
189007 0.772
189107 0.771
189206 0.769
189306 0.768
189405 0.766
189505 0.765
189604 0.763
189704 0.762
189803 0.760
189903 0.759
190002 0.757
190102 0.755
190202 0.754
190301 0.752
190401 0.750
190500 0.749
190600 0.747
190699 0.745
190799 0.744
190898 0.742
190998 0.740
191098 0.738
191197 0.737
191297 0.735
191396 0.733
191496 0.732
191595 0.730
191695 0.729
191794 0.727
191894 0.726
191994 0.725
192093 0.724
192193 0.722
192292 0.722
192392 0.721
192491 0.719
192591 0.719
192690 0.717
192790 0.717
192889 0.716
192989 0.715
193089 0.714
193188 0.714
193288 0.712
193387 0.712
193487 0.712
193586 0.711
193686 0.710
193785 0.709
193885 0.708
193985 0.707
193986 0.707
193987 0.707
193988 0.707
193989 0.706
193990 0.707
193991 0.706
193992 0.707
193994 0.706
193995 0.707
193996 0.707
193997 0.706
193998 0.707
193999 0.706
194000 0.707
194001 0.707
194003 0.707
194004 0.707
194005 0.706
194006 0.706
194007 0.707
194008 0.706
194009 0.706
194010 0.706
194012 0.707
194013 0.706
194014 0.706
194015 0.706
194016 0.706
194017 0.706
194018 0.706
194019 0.707
194021 0.707
194022 0.707
194023 0.707
194024 0.707
194025 0.706
194026 0.706
194027 0.706
194029 0.707
194030 0.706
194031 0.706
194032 0.706
194033 0.706
194034 0.707
194035 0.706
194036 0.706
194038 0.706
194039 0.706
194040 0.706
194041 0.706
194042 0.706
194043 0.707
194044 0.706
194045 0.706
194047 0.706
194049 0.706
194051 0.706
194053 0.706
194055 0.706
194058 0.706
194060 0.706
194062 0.706
194064 0.706
194067 0.706
194069 0.706
194071 0.706
194073 0.706
194076 0.706
194078 0.706
194080 0.706
194082 0.706
194085 0.706
194087 0.706
194089 0.706
194091 0.706
194093 0.706
194096 0.706
194098 0.706
194100 0.706
194102 0.706
194105 0.706
194107 0.706
194109 0.706
194114 0.706
194118 0.706
194122 0.706
194127 0.706
194131 0.706
194136 0.706
194140 0.706
194145 0.706
194149 0.706
194154 0.706
194158 0.706
194162 0.706
194167 0.706
194171 0.706
194180 0.706
194189 0.706
194198 0.706
194207 0.706
194216 0.706
194225 0.706
194233 0.706
194251 0.706
194269 0.705
194287 0.704
194304 0.704
194340 0.704
194375 0.704
194446 0.704
194545 0.704
194645 0.703
194745 0.702
194844 0.702
194944 0.702
195043 0.702
195143 0.702
195242 0.702
195342 0.702
195441 0.701
195541 0.701
195640 0.701
195740 0.700
195840 0.699
