# Este conjunto de dados, denominado CargaPilhasAA, é composto por vários arquivos com dados de descarga e de recuperação de pilhas AA de diversos fabricantes. Estes dados são distribuídos sob licença Creative Commons Attribution 4.0 (CC-BY). <http://creativecommons.org/licenses/by/4.0/>
# This dataset, named CargaPilhasAA, is composed of several files with discharge and recovery of AA batteries from several manufacturers. This dataset is licensed under a Creative Commons Attribution 4.0 International License (CC-BY). <http://creativecommons.org/licenses/by/4.0/>
# Galileu H. Oliveira, Rio de Janeiro, Brasil. Jan/2023.
# Fabricante: PHILIPS
# Tipo: alcalina
# Exemplar: 2
# Processo: recuperação
# Corrente: 0 mA
# tempo (segundos)  tensão (volts)
Time PH2
195840 0.699
195841 0.811
195842 0.830
195843 0.843
195844 0.852
195845 0.860
195846 0.867
195847 0.873
195849 0.878
195850 0.885
195851 0.892
195852 0.897
195853 0.903
195855 0.908
195856 0.914
195857 0.919
195858 0.922
195859 0.926
195860 0.929
195861 0.931
195862 0.934
195864 0.935
195865 0.937
195866 0.938
195867 0.940
195868 0.940
195869 0.941
195870 0.942
195871 0.943
195873 0.944
195874 0.945
195875 0.945
195876 0.945
195877 0.946
195878 0.946
195879 0.946
195880 0.947
195882 0.948
195883 0.948
195884 0.948
195885 0.948
195886 0.950
195887 0.950
195888 0.950
195890 0.950
195891 0.950
195892 0.950
195893 0.951
195894 0.951
195895 0.951
195896 0.951
195897 0.951
195899 0.951
195900 0.951
195901 0.952
195903 0.953
195905 0.953
195907 0.953
195910 0.953
195912 0.955
195914 0.955
195916 0.955
195919 0.955
195921 0.956
195923 0.956
195925 0.956
195928 0.956
195930 0.956
195932 0.956
195934 0.956
195937 0.957
195939 0.958
195941 0.958
195943 0.958
195945 0.958
195948 0.958
195950 0.958
195952 0.960
195954 0.960
195957 0.960
195959 0.960
195961 0.960
195963 0.960
195968 0.960
195972 0.961
195977 0.961
195981 0.961
195986 0.961
195990 0.963
195994 0.963
195999 0.963
196003 0.963
196008 0.964
196012 0.965
196017 0.965
196021 0.965
196026 0.965
196034 0.965
196043 0.966
196052 0.966
196061 0.968
196070 0.968
196079 0.968
196088 0.969
196105 0.970
196123 0.970
196141 0.971
196159 0.972
196194 0.973
196229 0.974
196300 0.976
196400 0.979
196499 0.982
196599 0.984
196698 0.987
196798 0.988
196897 0.990
196997 0.992
197097 0.994
197196 0.995
197296 0.996
197395 0.998
197495 0.999
197594 1.000
197694 1.001
197793 1.002
197893 1.003
197992 1.004
198092 1.004
198192 1.006
198291 1.006
198391 1.008
198490 1.008
198590 1.009
198689 1.009
198789 1.010
198888 1.011
198988 1.011
199088 1.013
199187 1.013
199287 1.013
199386 1.014
199486 1.014
199585 1.015
199685 1.016
199784 1.016
199884 1.017
199984 1.018
200083 1.018
200183 1.018
200282 1.019
200382 1.019
200481 1.019
200581 1.021
200680 1.021
200780 1.021
200879 1.021
200979 1.022
201079 1.023
201178 1.023
201278 1.023
201377 1.024
201477 1.024
201576 1.024
201676 1.024
201775 1.025
201875 1.026
201975 1.026
202074 1.026
202174 1.026
202273 1.027
202373 1.028
202472 1.028
202572 1.028
202671 1.028
202771 1.028
202871 1.029
202970 1.029
203070 1.029
203169 1.029
203269 1.029
203368 1.030
203468 1.031
203567 1.031
203667 1.031
203766 1.031
203866 1.031
203966 1.031
204065 1.032
204165 1.033
204264 1.033
204364 1.033
204463 1.033
204563 1.033
204662 1.033
204762 1.034
204862 1.034
204961 1.034
205061 1.034
205160 1.034
205260 1.034
205359 1.034
205459 1.035
205558 1.035
205658 1.036
205758 1.036
205857 1.036
205957 1.036
206056 1.036
206156 1.036
206255 1.036
206355 1.036
206454 1.037
206554 1.038
206654 1.038
206753 1.038
206853 1.038
206952 1.038
207052 1.038
207151 1.038
207251 1.038
207350 1.039
207450 1.039
207549 1.039
207649 1.039
207749 1.039
207848 1.039
207948 1.039
208047 1.039
208147 1.039
208246 1.039
208346 1.040
208445 1.041
208545 1.041
208645 1.041
208744 1.041
208844 1.041
208943 1.041
209043 1.041
209142 1.041
209242 1.041
209341 1.041
209441 1.041
209541 1.041
209640 1.042
209740 1.042
209839 1.043
209939 1.043
210038 1.043
210138 1.043
210237 1.043
210337 1.043
210436 1.043
210536 1.043
210636 1.043
210735 1.043
210835 1.043
210934 1.043
211034 1.044
211133 1.044
211233 1.044
211332 1.044
211432 1.044
211532 1.044
211631 1.044
211731 1.044
211830 1.044
211930 1.044
212029 1.044
212129 1.044
212228 1.044
212328 1.044
212428 1.044
212527 1.045
212627 1.045
212726 1.046
212826 1.046
212925 1.046
213025 1.046
213124 1.046
213224 1.046
213324 1.046
213423 1.046
213523 1.046
213622 1.046
213722 1.046
213821 1.046
213921 1.046
214020 1.046
214120 1.046
214220 1.046
214319 1.046
214419 1.047
214518 1.047
214618 1.047
214717 1.048
214817 1.048
214916 1.048
215016 1.048
215115 1.048
215215 1.048
215315 1.048
215414 1.048
215514 1.048
215613 1.048
215713 1.048
215812 1.048
215912 1.048
216011 1.048
216111 1.048
216211 1.048
216310 1.048
216410 1.048
216509 1.048
216609 1.048
216708 1.048
216808 1.048
216907 1.049
217007 1.049
217107 1.049
217206 1.049
217306 1.049
217405 1.049
217505 1.049
217604 1.049
217704 1.049
217803 1.049
217903 1.049
218002 1.049
218102 1.049
218202 1.049
218301 1.049
218401 1.049
218500 1.049
218600 1.049
218699 1.049
218799 1.049
218898 1.049
218998 1.049
219098 1.049
219197 1.049
219297 1.049
219396 1.049
219496 1.049
219595 1.050
219695 1.050
