# Este conjunto de dados, denominado CargaPilhasAA, é composto por vários arquivos com dados de descarga e de recuperação de pilhas AA de diversos fabricantes. Estes dados são distribuídos sob licença Creative Commons Attribution 4.0 (CC-BY). <http://creativecommons.org/licenses/by/4.0/>
# This dataset, named CargaPilhasAA, is composed of several files with discharge and recovery of AA batteries from several manufacturers. This dataset is licensed under a Creative Commons Attribution 4.0 International License (CC-BY). <http://creativecommons.org/licenses/by/4.0/>
# Galileu H. Oliveira, Rio de Janeiro, Brasil. Jan/2023.
# Fabricante: TOSHIBA
# Tipo: alcalina
# Exemplar: 1
# Processo: descarga
# Corrente: 50 mA
# tempo (segundos)  tensão (volts)
Time TO1
0 1.617
1 1.575
3 1.539
4 1.543
5 1.546
6 1.547
7 1.549
8 1.550
9 1.551
10 1.551
12 1.552
13 1.552
14 1.554
15 1.554
16 1.554
17 1.554
18 1.555
20 1.556
21 1.556
22 1.556
23 1.556
24 1.556
25 1.556
26 1.556
27 1.557
29 1.557
30 1.557
31 1.557
32 1.557
34 1.557
36 1.557
39 1.557
41 1.557
43 1.558
45 1.559
48 1.559
50 1.559
52 1.559
54 1.559
56 1.559
59 1.559
61 1.559
63 1.559
65 1.559
68 1.559
70 1.559
72 1.559
74 1.559
77 1.559
79 1.559
81 1.559
83 1.559
86 1.559
88 1.559
90 1.559
92 1.559
94 1.559
99 1.559
103 1.559
108 1.559
112 1.559
117 1.559
121 1.559
126 1.559
130 1.559
134 1.559
139 1.559
143 1.559
148 1.559
152 1.559
157 1.559
166 1.559
174 1.559
183 1.559
192 1.559
201 1.559
210 1.558
219 1.558
236 1.557
254 1.557
272 1.557
290 1.557
325 1.556
360 1.555
431 1.554
531 1.551
630 1.549
730 1.546
829 1.544
929 1.541
1029 1.539
1128 1.537
1228 1.534
1327 1.532
1427 1.530
1526 1.527
1626 1.525
1725 1.523
1825 1.521
1924 1.519
2024 1.517
2124 1.515
2223 1.513
2323 1.511
2422 1.510
2522 1.508
2621 1.506
2721 1.504
2820 1.503
2920 1.501
3020 1.499
3119 1.498
3219 1.496
3318 1.495
3418 1.493
3517 1.492
3617 1.490
3716 1.489
3816 1.487
3915 1.486
4015 1.484
4115 1.483
4214 1.482
4314 1.481
4413 1.479
4513 1.478
4612 1.477
4712 1.476
4811 1.475
4911 1.474
5011 1.473
5110 1.471
5210 1.471
5309 1.469
5409 1.468
5508 1.467
5608 1.466
5707 1.465
5807 1.464
5906 1.463
6006 1.462
6106 1.461
6205 1.460
6305 1.459
6404 1.458
6504 1.458
6603 1.456
6703 1.456
6802 1.455
6902 1.454
7002 1.453
7101 1.453
7201 1.451
7300 1.451
7400 1.449
7499 1.449
7599 1.448
7698 1.448
7798 1.446
7897 1.446
7997 1.445
8097 1.444
8196 1.443
8296 1.443
8395 1.442
8495 1.441
8594 1.440
8694 1.439
8793 1.439
8893 1.438
8992 1.438
9092 1.436
9192 1.436
9291 1.435
9391 1.434
9490 1.434
9590 1.433
9689 1.433
9789 1.432
9888 1.431
9988 1.431
10088 1.429
10187 1.429
10287 1.428
10386 1.428
10486 1.428
10585 1.426
10685 1.426
10784 1.426
10884 1.424
10984 1.424
11083 1.423
11183 1.423
11282 1.423
11382 1.421
11481 1.421
11581 1.421
11680 1.420
11780 1.419
11880 1.419
11979 1.418
12079 1.418
12178 1.418
12278 1.417
12377 1.416
12477 1.416
12576 1.416
12676 1.415
12775 1.414
12875 1.414
12975 1.413
13074 1.413
13174 1.413
13273 1.412
13373 1.411
13472 1.411
13572 1.411
13671 1.411
13771 1.409
13871 1.409
13970 1.409
14070 1.409
14169 1.408
14269 1.408
14368 1.408
14468 1.407
14567 1.406
14667 1.406
14766 1.406
14866 1.405
14966 1.405
15065 1.404
15165 1.404
15264 1.404
15364 1.403
15463 1.403
15563 1.403
15662 1.403
15762 1.402
15861 1.401
15961 1.401
16061 1.401
16160 1.401
16260 1.400
16359 1.400
16459 1.400
16558 1.400
16658 1.399
16757 1.398
16857 1.398
16957 1.398
17056 1.398
17156 1.397
17255 1.396
17355 1.396
17454 1.396
17554 1.396
17653 1.395
17753 1.395
17853 1.395
17952 1.395
18052 1.394
18151 1.393
18251 1.393
18350 1.393
18450 1.393
18549 1.393
18649 1.391
18748 1.391
18848 1.391
18948 1.391
19047 1.391
19147 1.390
19246 1.390
19346 1.390
19445 1.390
19545 1.389
19644 1.388
19744 1.388
19844 1.388
19943 1.388
20043 1.388
20142 1.386
20242 1.386
20341 1.386
20441 1.386
20540 1.386
20640 1.385
20740 1.385
20839 1.385
20939 1.385
21038 1.385
21138 1.383
21237 1.383
21337 1.383
21436 1.383
21536 1.383
21636 1.382
21735 1.381
21835 1.381
21934 1.381
22034 1.381
22133 1.381
22233 1.380
22332 1.380
22432 1.380
22531 1.380
22631 1.379
22731 1.378
22830 1.378
22930 1.378
23029 1.378
23129 1.378
23228 1.377
23328 1.376
23427 1.376
23527 1.376
23627 1.376
23726 1.376
23826 1.375
23925 1.375
24025 1.375
24124 1.375
24224 1.375
24323 1.374
24423 1.373
24523 1.373
24622 1.373
24722 1.373
24821 1.372
24921 1.371
25020 1.371
25120 1.371
25219 1.371
25319 1.371
25419 1.370
25518 1.370
25618 1.370
25717 1.370
25817 1.370
25916 1.369
26016 1.368
26115 1.368
26215 1.368
26315 1.368
26414 1.368
26514 1.366
26613 1.366
26713 1.366
26812 1.366
26912 1.366
27011 1.365
27111 1.365
27211 1.365
27310 1.365
27410 1.365
27509 1.364
27609 1.363
27708 1.363
27808 1.363
27907 1.363
28007 1.363
28107 1.362
28206 1.361
28306 1.361
28405 1.361
28505 1.361
28604 1.360
28704 1.360
28803 1.360
28903 1.360
29002 1.360
29102 1.359
29202 1.358
29301 1.358
29401 1.358
29500 1.358
29600 1.358
29699 1.357
29799 1.356
29898 1.356
29998 1.356
30098 1.356
30197 1.356
30297 1.355
30396 1.355
30496 1.355
30595 1.355
30695 1.355
30794 1.354
30894 1.353
30994 1.353
31093 1.353
31193 1.353
31292 1.353
31392 1.352
31491 1.351
31591 1.351
31690 1.351
31790 1.351
31890 1.351
31989 1.350
32089 1.350
32188 1.350
32288 1.350
32387 1.350
32487 1.349
32586 1.348
32686 1.348
32786 1.348
32885 1.348
32985 1.348
33084 1.347
33184 1.346
33283 1.346
33383 1.346
33482 1.346
33582 1.346
33682 1.345
33781 1.345
33881 1.345
33980 1.345
34080 1.345
34179 1.345
34279 1.343
34378 1.343
34478 1.343
34577 1.343
34677 1.343
34777 1.343
34876 1.342
34976 1.341
35075 1.341
35175 1.341
35274 1.341
35374 1.341
35473 1.340
35573 1.340
35673 1.340
35772 1.340
35872 1.340
35971 1.340
36071 1.339
36170 1.338
36270 1.338
36369 1.338
36469 1.338
36569 1.338
36668 1.338
36768 1.336
36867 1.336
36967 1.336
37066 1.336
37166 1.336
37265 1.336
37365 1.335
37465 1.335
37564 1.335
37664 1.335
37763 1.335
37863 1.334
37962 1.333
38062 1.333
38161 1.333
38261 1.333
38361 1.333
38460 1.333
38560 1.332
38659 1.331
38759 1.331
38858 1.331
38958 1.331
39057 1.331
39157 1.331
39257 1.330
39356 1.330
39456 1.330
39555 1.330
39655 1.330
39754 1.329
39854 1.328
39953 1.328
40053 1.328
40153 1.328
40252 1.328
40352 1.328
40451 1.328
40551 1.327
40650 1.326
40750 1.326
40849 1.326
40949 1.326
41049 1.326
41148 1.325
41248 1.325
41347 1.325
41447 1.325
41546 1.325
41646 1.325
41745 1.325
41845 1.324
41945 1.323
42044 1.323
42144 1.323
42243 1.323
42343 1.323
42442 1.323
42542 1.322
42641 1.321
42741 1.321
42840 1.321
42940 1.321
43040 1.321
43139 1.321
43239 1.321
43338 1.320
43438 1.320
43537 1.320
43637 1.320
43736 1.320
43836 1.320
43936 1.319
44035 1.318
44135 1.318
44234 1.318
44334 1.318
44433 1.318
44533 1.318
44632 1.318
44732 1.317
44832 1.317
44931 1.317
45031 1.317
45130 1.317
45230 1.317
45329 1.316
45429 1.316
45528 1.315
45628 1.315
45728 1.315
45827 1.315
45927 1.315
46026 1.315
46126 1.315
46225 1.314
46325 1.313
46424 1.313
46524 1.313
46624 1.313
46723 1.313
46823 1.313
46922 1.313
47022 1.313
47121 1.312
47221 1.312
47320 1.312
47420 1.312
47520 1.312
47619 1.312
47719 1.312
47818 1.312
47918 1.312
48017 1.312
48117 1.312
48216 1.312
48316 1.312
48415 1.312
48515 1.312
48615 1.312
48714 1.311
48814 1.310
48913 1.310
49013 1.310
49112 1.310
49212 1.310
49311 1.310
49411 1.310
49511 1.310
49610 1.310
49710 1.310
49809 1.310
49909 1.310
50008 1.310
50108 1.310
50207 1.310
50307 1.310
50407 1.310
50506 1.310
50606 1.310
50705 1.310
50805 1.310
50904 1.310
51004 1.310
51103 1.310
51203 1.309
51302 1.308
51402 1.308
51502 1.308
51601 1.308
51701 1.308
51800 1.308
51900 1.308
51999 1.308
52099 1.308
52198 1.307
52298 1.307
52398 1.307
52497 1.307
52597 1.307
52696 1.307
52796 1.307
52895 1.307
52995 1.306
53094 1.306
53194 1.305
53294 1.305
53393 1.305
53493 1.305
53592 1.305
53692 1.305
53791 1.305
53891 1.305
53990 1.305
54090 1.305
54190 1.305
54289 1.304
54389 1.303
54488 1.303
54588 1.303
54687 1.303
54787 1.303
54886 1.303
54986 1.303
55085 1.303
55185 1.303
55285 1.303
55384 1.303
55484 1.303
55583 1.303
55683 1.303
55782 1.302
55882 1.302
55981 1.302
56081 1.302
56181 1.302
56280 1.302
56380 1.302
56479 1.302
56579 1.302
56678 1.302
56778 1.302
56877 1.301
56977 1.301
57076 1.300
57176 1.300
57276 1.300
57375 1.300
57475 1.300
57574 1.300
57674 1.300
57773 1.300
57873 1.300
57972 1.300
58072 1.299
58172 1.299
58271 1.298
58371 1.298
58470 1.298
58570 1.298
58669 1.298
58769 1.298
58868 1.298
58968 1.297
59068 1.297
59167 1.297
59267 1.297
59366 1.297
59466 1.297
59565 1.297
59665 1.296
59764 1.295
59864 1.295
59963 1.295
60063 1.295
60163 1.295
60262 1.295
60362 1.295
60461 1.295
60561 1.295
60660 1.295
60760 1.295
60859 1.294
60959 1.294
61059 1.293
61158 1.293
61258 1.293
61357 1.293
61457 1.293
61556 1.293
61656 1.293
61755 1.293
61855 1.293
61954 1.293
62054 1.292
62154 1.292
62253 1.292
62353 1.292
62452 1.292
62552 1.292
62651 1.292
62751 1.292
62850 1.292
62950 1.292
63050 1.292
63149 1.292
63249 1.292
63348 1.291
63448 1.290
63547 1.290
63647 1.290
63746 1.290
63846 1.290
63946 1.290
64045 1.290
64145 1.290
64244 1.290
64344 1.290
64443 1.290
64543 1.290
64642 1.289
64742 1.288
64842 1.288
64941 1.288
65041 1.288
65140 1.288
65240 1.288
65339 1.288
65439 1.288
65538 1.288
65638 1.288
65738 1.288
65837 1.288
65937 1.287
66036 1.287
66136 1.287
66235 1.287
66335 1.287
66434 1.287
66534 1.287
66633 1.287
66733 1.287
66833 1.286
66932 1.286
67032 1.285
67131 1.285
67231 1.285
67330 1.285
67430 1.285
67529 1.285
67629 1.285
67729 1.285
67828 1.285
67928 1.285
68027 1.284
68127 1.283
68226 1.283
68326 1.283
68425 1.283
68525 1.283
68625 1.283
68724 1.283
68824 1.283
68923 1.283
69023 1.282
69122 1.282
69222 1.282
69321 1.282
69421 1.282
69521 1.282
69620 1.282
69720 1.282
69819 1.282
69919 1.282
70018 1.281
70118 1.281
70217 1.280
70317 1.280
70417 1.280
70516 1.280
70616 1.280
70715 1.280
70815 1.280
70914 1.280
71014 1.280
71113 1.280
71213 1.280
71312 1.279
71412 1.279
71512 1.278
71611 1.278
71711 1.278
71810 1.278
71910 1.278
72009 1.278
72109 1.278
72208 1.278
72308 1.278
72408 1.278
72507 1.278
72607 1.278
72706 1.278
72806 1.277
72905 1.277
73005 1.277
73104 1.277
73204 1.277
73304 1.277
73403 1.277
73503 1.277
73602 1.277
73702 1.277
73801 1.277
73901 1.277
74000 1.277
74100 1.275
74200 1.275
74299 1.275
74399 1.275
74498 1.275
74598 1.275
74697 1.275
74797 1.275
74896 1.275
74996 1.275
75096 1.274
75195 1.274
75295 1.273
75394 1.273
75494 1.273
75593 1.273
75693 1.273
75792 1.273
75892 1.273
75991 1.273
76091 1.273
76191 1.273
76290 1.273
76390 1.273
76489 1.273
76589 1.272
76688 1.272
76788 1.272
76887 1.272
76987 1.272
77087 1.272
77186 1.272
77286 1.272
77385 1.272
77485 1.272
77584 1.271
77684 1.271
77783 1.270
77883 1.270
77983 1.270
78082 1.270
78182 1.270
78281 1.270
78381 1.270
78480 1.270
78580 1.270
78679 1.270
78779 1.270
78879 1.269
78978 1.268
79078 1.268
79177 1.268
79277 1.268
79376 1.268
79476 1.268
79575 1.268
79675 1.268
79775 1.268
79874 1.268
79974 1.267
80073 1.267
80173 1.267
80272 1.267
80372 1.267
80471 1.267
80571 1.267
80671 1.267
80770 1.267
80870 1.266
80969 1.265
81069 1.265
81168 1.265
81268 1.265
81367 1.265
81467 1.265
81566 1.265
81666 1.265
81766 1.265
81865 1.265
81965 1.265
82064 1.264
82164 1.264
82263 1.263
82363 1.263
82462 1.263
82562 1.263
82662 1.263
82761 1.263
82861 1.263
82960 1.263
83060 1.263
83159 1.263
83259 1.263
83358 1.262
83458 1.262
83558 1.262
83657 1.262
83757 1.262
83856 1.262
83956 1.262
84055 1.262
84155 1.262
84254 1.262
84354 1.261
84454 1.261
84553 1.260
84653 1.260
84752 1.260
84852 1.260
84951 1.260
85051 1.260
85150 1.260
85250 1.260
85350 1.260
85449 1.260
85549 1.259
85648 1.258
85748 1.258
85847 1.258
85947 1.258
86046 1.258
86146 1.258
86246 1.258
86345 1.258
86445 1.258
86544 1.257
86644 1.257
86743 1.257
86843 1.257
86942 1.257
87042 1.257
87141 1.257
87241 1.257
87341 1.257
87440 1.257
87540 1.257
87639 1.256
87739 1.255
87838 1.255
87938 1.255
88037 1.255
88137 1.255
88237 1.255
88336 1.255
88436 1.255
88535 1.255
88635 1.255
88734 1.254
88834 1.253
88933 1.253
89033 1.253
89133 1.253
89232 1.253
89332 1.253
89431 1.253
89531 1.253
89630 1.253
89730 1.252
89829 1.252
89929 1.252
90029 1.252
90128 1.252
90228 1.252
90327 1.252
90427 1.252
90526 1.252
90626 1.252
90725 1.251
90825 1.250
90924 1.250
91024 1.250
91124 1.250
91223 1.250
91323 1.250
91422 1.250
91522 1.250
91621 1.250
91721 1.249
91820 1.249
91920 1.248
92020 1.248
92119 1.248
92219 1.248
92318 1.248
92418 1.248
92517 1.248
92617 1.248
92716 1.247
92816 1.247
92916 1.247
93015 1.247
93115 1.247
93214 1.247
93314 1.247
93413 1.247
93513 1.247
93612 1.246
93712 1.245
93812 1.245
93911 1.245
94011 1.245
94110 1.245
94210 1.245
94309 1.245
94409 1.245
94508 1.245
94608 1.244
94708 1.243
94807 1.243
94907 1.243
95006 1.243
95106 1.243
95205 1.243
95305 1.243
95404 1.243
95504 1.242
95604 1.242
95703 1.242
95803 1.242
95902 1.242
96002 1.242
96101 1.242
96201 1.242
96300 1.242
96400 1.241
96499 1.240
96599 1.240
96699 1.240
96798 1.240
96898 1.240
96997 1.240
97097 1.240
97196 1.240
97296 1.239
97395 1.239
97495 1.238
97595 1.238
97694 1.238
97794 1.238
97893 1.238
97993 1.238
98092 1.238
98192 1.237
98291 1.237
98391 1.237
98491 1.237
98590 1.237
98690 1.237
98789 1.237
98889 1.237
98988 1.236
99088 1.235
99187 1.235
99287 1.235
99387 1.235
99486 1.235
99586 1.235
99685 1.235
99785 1.235
99884 1.234
99984 1.233
100083 1.233
100183 1.233
100283 1.233
100382 1.233
100482 1.233
100581 1.233
100681 1.233
100780 1.232
100880 1.232
100979 1.232
101079 1.232
101179 1.232
101278 1.232
101378 1.232
101477 1.231
101577 1.230
101676 1.230
101776 1.230
101875 1.230
101975 1.230
102074 1.230
102174 1.230
102274 1.230
102373 1.229
102473 1.229
102572 1.229
102672 1.229
102771 1.229
102871 1.229
102970 1.229
103070 1.228
103170 1.228
103269 1.227
103369 1.227
103468 1.227
103568 1.227
103667 1.227
103767 1.227
103866 1.227
103966 1.226
104066 1.225
104165 1.225
104265 1.225
104364 1.225
104464 1.225
104563 1.225
104663 1.225
104762 1.225
104862 1.224
104962 1.224
105061 1.224
105161 1.224
105260 1.224
105360 1.224
105459 1.224
105559 1.223
105658 1.222
105758 1.222
105858 1.222
105957 1.222
106057 1.222
106156 1.222
106256 1.222
106355 1.221
106455 1.220
106554 1.220
106654 1.220
106754 1.220
106853 1.220
106953 1.220
107052 1.220
107152 1.220
107251 1.219
107351 1.219
107450 1.219
107550 1.219
107649 1.219
107749 1.219
107849 1.219
107948 1.218
108048 1.217
108147 1.217
108247 1.217
108346 1.217
108446 1.217
108545 1.217
108645 1.217
108745 1.216
108844 1.215
108944 1.215
109043 1.215
109143 1.215
109242 1.215
109342 1.215
109441 1.215
109541 1.215
109641 1.214
109740 1.214
109840 1.214
109939 1.214
110039 1.214
110138 1.214
110238 1.213
110337 1.212
110437 1.212
110537 1.212
110636 1.212
110736 1.212
110835 1.212
110935 1.211
111034 1.210
111134 1.210
111233 1.210
111333 1.210
111432 1.210
111532 1.210
111632 1.209
111731 1.209
111831 1.209
111930 1.209
112030 1.209
112129 1.209
112229 1.208
112328 1.207
112428 1.207
112528 1.207
112627 1.207
112727 1.207
112826 1.207
112926 1.206
113025 1.205
113125 1.205
113224 1.205
113324 1.205
113424 1.205
113523 1.205
113623 1.204
113722 1.204
113822 1.204
113921 1.204
114021 1.204
114120 1.204
114220 1.203
114320 1.202
114419 1.202
114519 1.202
114618 1.202
114718 1.202
114817 1.202
114917 1.202
115016 1.200
115116 1.200
115216 1.200
115315 1.200
115415 1.200
115514 1.200
115614 1.200
115713 1.199
115813 1.199
115912 1.199
116012 1.199
116112 1.199
116211 1.198
116311 1.197
116410 1.197
116510 1.197
116609 1.197
116709 1.197
116808 1.197
116908 1.196
117008 1.195
117107 1.195
117207 1.195
117306 1.195
117406 1.195
117505 1.195
117605 1.194
117704 1.194
117804 1.194
117904 1.194
118003 1.194
118103 1.194
118202 1.192
118302 1.192
118401 1.192
118501 1.192
118600 1.192
118700 1.192
118799 1.192
118899 1.190
118999 1.190
119098 1.190
119198 1.190
119297 1.190
119397 1.190
119496 1.189
119596 1.189
119695 1.189
119795 1.189
119895 1.189
119994 1.189
120094 1.188
120193 1.187
120293 1.187
120392 1.187
120492 1.187
120591 1.187
120691 1.186
120791 1.185
120890 1.185
120990 1.185
121089 1.185
121189 1.185
121288 1.185
121388 1.184
121487 1.184
121587 1.184
121687 1.184
121786 1.184
121886 1.184
121985 1.183
122085 1.182
122184 1.182
122284 1.182
122383 1.182
122483 1.182
122583 1.182
122682 1.181
122782 1.180
122881 1.180
122981 1.180
123080 1.180
123180 1.180
123279 1.179
123379 1.179
123479 1.179
123578 1.179
123678 1.179
123777 1.179
123877 1.178
123976 1.177
124076 1.177
124175 1.177
124275 1.177
124375 1.177
124474 1.176
124574 1.175
124673 1.175
124773 1.175
124872 1.175
124972 1.175
125071 1.175
125171 1.174
125271 1.174
125370 1.174
125470 1.174
125569 1.173
125669 1.172
125768 1.172
125868 1.172
125967 1.172
126067 1.172
126166 1.172
126266 1.170
126366 1.170
126465 1.170
126565 1.170
126664 1.170
126764 1.170
126863 1.169
126963 1.169
127062 1.169
127162 1.169
127262 1.169
127361 1.167
127461 1.167
127560 1.167
127660 1.167
127759 1.167
127859 1.167
127958 1.166
128058 1.165
128158 1.165
128257 1.165
128357 1.165
128456 1.165
128556 1.164
128655 1.164
128755 1.164
128854 1.164
128954 1.164
129054 1.162
129153 1.162
129253 1.162
129352 1.162
129452 1.162
129551 1.161
129651 1.160
129750 1.160
129850 1.160
129950 1.160
130049 1.160
130149 1.159
130248 1.159
130348 1.159
130447 1.159
130547 1.159
130646 1.157
130746 1.157
130846 1.157
130945 1.157
131045 1.157
131144 1.156
131244 1.155
131343 1.155
131443 1.155
131542 1.155
131642 1.155
131742 1.154
131841 1.154
131941 1.154
132040 1.154
132140 1.152
132239 1.152
132339 1.152
132438 1.152
132538 1.152
132638 1.151
132737 1.150
132837 1.150
132936 1.150
133036 1.150
133135 1.149
133235 1.149
133334 1.149
133434 1.149
133533 1.148
133633 1.147
133733 1.147
133832 1.147
133932 1.147
134031 1.146
134131 1.146
134230 1.146
134330 1.146
134429 1.145
134529 1.144
134629 1.144
134728 1.144
134828 1.144
134927 1.143
135027 1.142
135126 1.142
135226 1.142
135325 1.142
135425 1.141
135525 1.141
135624 1.141
135724 1.141
135823 1.140
135923 1.139
136022 1.139
136122 1.139
136221 1.139
136321 1.138
136421 1.137
136520 1.137
136620 1.137
136719 1.137
136819 1.136
136918 1.136
137018 1.136
137117 1.136
137217 1.135
137317 1.134
137416 1.134
137516 1.134
137615 1.134
137715 1.133
137814 1.132
137914 1.132
138013 1.132
138113 1.132
138213 1.131
138312 1.131
138412 1.131
138511 1.131
138611 1.129
138710 1.129
138810 1.129
138909 1.129
139009 1.128
139109 1.127
139208 1.127
139308 1.127
139407 1.126
139507 1.126
139606 1.126
139706 1.126
139805 1.125
139905 1.124
140005 1.124
140104 1.124
140204 1.123
140303 1.122
140403 1.122
140502 1.122
140602 1.122
140701 1.121
140801 1.121
140901 1.121
141000 1.120
141100 1.119
141199 1.119
141299 1.119
141398 1.118
141498 1.117
141597 1.117
141697 1.117
141797 1.116
141896 1.116
141996 1.116
142095 1.115
142195 1.114
142294 1.114
142394 1.114
142493 1.113
142593 1.112
142692 1.112
142792 1.112
142892 1.111
142991 1.111
143091 1.111
143190 1.110
143290 1.109
143389 1.109
143489 1.109
143588 1.108
143688 1.107
143788 1.107
143887 1.107
143987 1.106
144086 1.106
144186 1.106
144285 1.105
144385 1.104
144484 1.104
144584 1.104
144684 1.102
144783 1.102
144883 1.102
144982 1.102
145082 1.101
145181 1.101
145281 1.101
145380 1.099
145480 1.099
145580 1.099
145679 1.099
145779 1.097
145878 1.097
145978 1.097
146077 1.096
146177 1.096
146276 1.096
146376 1.095
146475 1.094
146575 1.094
146675 1.094
146774 1.093
146874 1.092
146973 1.092
147073 1.092
147172 1.091
147272 1.091
147371 1.091
147471 1.090
147571 1.089
147670 1.089
147770 1.089
147869 1.088
147969 1.087
148068 1.087
148168 1.087
148267 1.086
148367 1.086
148467 1.086
148566 1.086
148666 1.084
148765 1.084
148865 1.084
148964 1.084
149064 1.083
149163 1.082
149263 1.082
149363 1.082
149462 1.081
149562 1.081
149661 1.081
149761 1.081
149860 1.079
149960 1.079
150059 1.079
150159 1.079
150258 1.078
150358 1.077
150458 1.077
150557 1.077
150657 1.076
150756 1.076
150856 1.076
150955 1.075
151055 1.074
151154 1.074
151254 1.074
151354 1.074
151453 1.072
151553 1.072
151652 1.072
151752 1.072
151851 1.071
151951 1.071
152050 1.071
152150 1.070
152250 1.069
152349 1.069
152449 1.069
152548 1.068
152648 1.067
152747 1.067
152847 1.067
152946 1.066
153046 1.066
153146 1.066
153245 1.066
153345 1.065
153444 1.064
153544 1.064
153643 1.064
153743 1.064
153842 1.063
153942 1.063
154042 1.063
154141 1.063
154241 1.063
154340 1.062
154440 1.062
154539 1.061
154639 1.061
154738 1.061
154838 1.060
154938 1.059
155037 1.059
155137 1.059
155236 1.058
155336 1.058
155435 1.058
155535 1.058
155634 1.058
155734 1.057
155833 1.056
155933 1.056
156033 1.056
156132 1.056
156232 1.054
156331 1.054
156431 1.054
156530 1.054
156630 1.053
156729 1.053
156829 1.053
156929 1.053
157028 1.052
157128 1.051
157227 1.051
157327 1.051
157426 1.050
157526 1.049
157625 1.049
157725 1.049
157825 1.048
157924 1.048
158024 1.048
158123 1.048
158223 1.047
158322 1.046
158422 1.046
158521 1.046
158621 1.045
158721 1.044
158820 1.044
158920 1.044
159019 1.043
159119 1.043
159218 1.043
159318 1.042
159417 1.041
159517 1.041
159617 1.041
159716 1.040
159816 1.039
159915 1.039
160015 1.038
160114 1.038
160214 1.038
160313 1.037
160413 1.036
160513 1.036
160612 1.036
160712 1.034
160811 1.034
160911 1.034
161010 1.034
161110 1.033
161209 1.033
161309 1.033
161409 1.031
161508 1.031
161608 1.031
161707 1.030
161807 1.029
161906 1.029
162006 1.029
162105 1.028
162205 1.028
162304 1.028
162404 1.026
162504 1.026
162603 1.026
162703 1.025
162802 1.024
162902 1.024
163001 1.024
163101 1.023
163200 1.023
163300 1.022
163400 1.021
163499 1.021
163599 1.021
163698 1.019
163798 1.019
163897 1.019
163997 1.018
164096 1.018
164196 1.018
164296 1.016
164395 1.016
164495 1.016
164594 1.014
164694 1.014
164793 1.013
164893 1.013
164992 1.012
165092 1.011
165191 1.011
165291 1.010
165391 1.009
165490 1.009
165590 1.008
165689 1.008
165789 1.006
165888 1.006
165988 1.005
166087 1.004
166187 1.004
166286 1.003
166386 1.003
166486 1.001
166585 1.001
166685 1.000
166784 0.999
166884 0.998
166983 0.998
167083 0.997
167182 0.996
167282 0.996
167381 0.994
167481 0.994
167581 0.993
167680 0.992
167780 0.991
167879 0.991
167979 0.989
168078 0.989
168178 0.988
168277 0.987
168377 0.986
168477 0.985
168576 0.984
168676 0.983
168775 0.983
168875 0.981
168974 0.981
169074 0.980
169173 0.979
169273 0.978
169372 0.978
169472 0.976
169572 0.976
169671 0.975
169771 0.974
169870 0.973
169970 0.973
170069 0.971
170169 0.971
170268 0.970
170368 0.969
170468 0.968
170567 0.966
170667 0.966
170766 0.965
170866 0.964
170965 0.963
171065 0.962
171164 0.961
171264 0.960
171363 0.958
171463 0.958
171563 0.956
171662 0.956
171762 0.955
171861 0.953
171961 0.952
172060 0.951
172160 0.950
172259 0.949
172359 0.948
172459 0.946
172558 0.945
172658 0.944
172757 0.943
172857 0.942
172956 0.940
173056 0.939
173155 0.938
173255 0.936
173354 0.935
173454 0.934
173554 0.933
173653 0.931
173753 0.930
173852 0.928
173952 0.927
174051 0.926
174151 0.924
174250 0.923
174350 0.921
174450 0.920
174549 0.918
174649 0.916
174748 0.915
174848 0.913
174947 0.911
175047 0.910
175146 0.908
175246 0.906
175345 0.904
175445 0.902
175545 0.900
175644 0.898
175744 0.896
175843 0.894
175943 0.892
176042 0.890
176142 0.888
176241 0.886
176341 0.884
176441 0.882
176540 0.880
176640 0.878
176739 0.876
176839 0.874
176938 0.872
177038 0.870
177137 0.868
177237 0.866
177336 0.864
177436 0.861
177536 0.859
177635 0.857
177735 0.854
177834 0.852
177934 0.849
178033 0.846
178133 0.844
178232 0.842
178332 0.839
178432 0.837
178531 0.835
178631 0.832
178730 0.830
178830 0.828
178929 0.825
179029 0.823
179128 0.820
179228 0.818
179327 0.815
179427 0.813
179527 0.810
179626 0.808
179726 0.805
179825 0.803
179925 0.800
180024 0.797
180124 0.794
180223 0.792
180323 0.789
180423 0.786
180522 0.783
180622 0.780
180721 0.776
180821 0.773
180920 0.770
181020 0.766
181119 0.763
181219 0.760
181318 0.756
181418 0.752
181518 0.749
181617 0.745
181717 0.741
181816 0.738
181916 0.734
182015 0.730
182115 0.726
182214 0.722
182314 0.718
182414 0.714
182513 0.711
182613 0.706
182712 0.702
182812 0.698
