# Este conjunto de dados, denominado CargaPilhasAA, é composto por vários arquivos com dados de descarga e de recuperação de pilhas AA de diversos fabricantes. Estes dados são distribuídos sob licença Creative Commons Attribution 4.0 (CC-BY). <http://creativecommons.org/licenses/by/4.0/>
# This dataset, named CargaPilhasAA, is composed of several files with discharge and recovery of AA batteries from several manufacturers. This dataset is licensed under a Creative Commons Attribution 4.0 International License (CC-BY). <http://creativecommons.org/licenses/by/4.0/>
# Galileu H. Oliveira, Rio de Janeiro, Brasil. Jan/2023.
# Fabricante: TOSHIBA
# Tipo: alcalina
# Exemplar: 1
# Processo: recuperação
# Corrente: 0 mA
# tempo (segundos)  tensão (volts)
Time TO1
182812 0.698
182813 0.779
182814 0.797
182815 0.807
182816 0.815
182817 0.820
182818 0.825
182820 0.829
182821 0.833
182822 0.837
182823 0.839
182824 0.843
182825 0.844
182826 0.848
182827 0.849
182829 0.852
182830 0.853
182831 0.856
182832 0.857
182833 0.859
182834 0.860
182835 0.862
182836 0.863
182838 0.865
182839 0.866
182840 0.867
182841 0.868
182842 0.870
182843 0.871
182844 0.872
182846 0.873
182847 0.874
182848 0.875
182849 0.877
182850 0.877
182851 0.878
182852 0.879
182853 0.880
182855 0.882
182856 0.882
182857 0.883
182858 0.884
182859 0.885
182860 0.886
182861 0.887
182862 0.887
182864 0.888
182865 0.889
182866 0.890
182867 0.891
182868 0.892
182869 0.892
182870 0.893
182871 0.893
182873 0.895
182875 0.895
182877 0.897
182879 0.898
182882 0.900
182884 0.901
182886 0.902
182888 0.903
182890 0.905
182893 0.906
182895 0.907
182897 0.908
182899 0.909
182902 0.911
182904 0.911
182906 0.913
182908 0.914
182911 0.915
182913 0.916
182915 0.917
182917 0.918
182919 0.919
182922 0.920
182924 0.921
182926 0.922
182928 0.923
182931 0.923
182933 0.925
182935 0.926
182940 0.927
182944 0.929
182948 0.931
182953 0.933
182957 0.934
182962 0.937
182966 0.939
182971 0.941
182975 0.943
182980 0.945
182984 0.947
182988 0.949
182993 0.950
182997 0.951
183006 0.954
183015 0.956
183024 0.958
183033 0.960
183042 0.961
183051 0.963
183059 0.964
183077 0.966
183095 0.968
183113 0.970
183130 0.972
183166 0.975
183201 0.978
183272 0.981
183371 0.987
183471 0.991
183571 0.996
183670 0.999
183770 1.002
183869 1.005
183969 1.007
184068 1.010
184168 1.012
184267 1.014
184367 1.015
184466 1.017
184566 1.018
184666 1.020
184765 1.021
184865 1.023
184964 1.024
185064 1.025
185163 1.026
185263 1.027
185362 1.028
185462 1.029
185562 1.030
185661 1.031
185761 1.032
185860 1.033
185960 1.033
186059 1.034
186159 1.034
186258 1.036
186358 1.036
186457 1.037
186557 1.038
186657 1.038
186756 1.039
186856 1.039
186955 1.040
187055 1.041
187154 1.041
187254 1.041
187353 1.042
187453 1.043
187553 1.043
187652 1.043
187752 1.044
187851 1.044
187951 1.044
188050 1.046
188150 1.046
188249 1.046
188349 1.046
188448 1.047
188548 1.048
188648 1.048
188747 1.048
188847 1.048
188946 1.049
189046 1.049
189145 1.049
189245 1.049
189344 1.049
189444 1.051
189544 1.051
189643 1.051
189743 1.051
189842 1.051
189942 1.051
190041 1.052
190141 1.053
190240 1.053
190340 1.053
190439 1.053
190539 1.053
190639 1.054
190738 1.054
190838 1.054
190937 1.054
191037 1.054
191136 1.054
191236 1.055
191335 1.056
191435 1.056
191535 1.056
191536 1.056
191537 1.056
191538 1.056
191539 1.056
191540 1.056
191541 1.056
191542 1.056
191544 1.056
191545 1.056
191546 1.056
191547 1.056
191548 1.056
191549 1.056
191550 1.056
191551 1.056
191553 1.056
191554 1.056
191555 1.056
191556 1.056
191557 1.056
191558 1.056
191559 1.056
191560 1.056
191562 1.056
191563 1.056
191564 1.056
191565 1.056
191566 1.056
191567 1.056
191568 1.056
191570 1.056
191571 1.056
191572 1.056
191573 1.056
191574 1.056
191575 1.056
191576 1.056
191577 1.056
191579 1.056
191580 1.056
191581 1.056
191582 1.056
191583 1.056
191584 1.056
191585 1.056
191586 1.056
191588 1.056
191589 1.056
191590 1.056
191591 1.056
191592 1.056
191593 1.056
191594 1.056
191595 1.056
191597 1.056
191599 1.056
191601 1.056
191603 1.056
191605 1.056
191608 1.056
191610 1.056
191612 1.056
191614 1.056
191617 1.056
191619 1.056
191621 1.056
191623 1.056
191626 1.056
191628 1.056
191630 1.056
191632 1.056
191635 1.056
191637 1.056
191639 1.056
191641 1.056
191643 1.056
191646 1.056
191648 1.056
191650 1.056
191652 1.056
191655 1.056
191657 1.056
191659 1.056
191664 1.056
191668 1.056
191672 1.056
191677 1.056
191681 1.056
191686 1.056
191690 1.056
191695 1.056
191699 1.056
191704 1.056
191708 1.056
191712 1.056
191717 1.056
191721 1.056
191730 1.056
191739 1.056
191748 1.056
191757 1.056
191766 1.056
191775 1.056
191783 1.056
191801 1.056
191819 1.056
191837 1.057
191854 1.057
191890 1.057
191925 1.057
191996 1.057
192095 1.058
192195 1.058
192295 1.058
192394 1.058
192494 1.058
192593 1.058
192693 1.058
192792 1.059
192892 1.059
192991 1.059
193091 1.059
193190 1.059
193290 1.059
193390 1.059
193489 1.059
193589 1.059
193688 1.060
193788 1.061
193887 1.061
193987 1.061
194086 1.061
194186 1.061
194286 1.061
194385 1.061
194485 1.061
194584 1.061
194684 1.062
194783 1.062
194883 1.062
194982 1.063
195082 1.062
195182 1.063
195281 1.063
195381 1.063
195480 1.063
195580 1.063
195679 1.063
195779 1.063
195878 1.063
195978 1.064
196077 1.064
196177 1.064
196277 1.064
196376 1.064
196476 1.064
196575 1.064
196675 1.064
196774 1.064
196874 1.064
196973 1.064
197073 1.064
197173 1.064
197272 1.065
197372 1.065
197471 1.066
197571 1.066
197670 1.066
197770 1.066
197869 1.066
197969 1.066
198069 1.066
198168 1.066
198268 1.066
198367 1.066
198467 1.066
198566 1.066
198666 1.066
198765 1.066
198865 1.066
198964 1.066
199064 1.066
199164 1.067
199263 1.067
199363 1.067
199462 1.067
199562 1.067
199661 1.067
199761 1.067
199860 1.067
199960 1.067
200060 1.067
200159 1.067
200259 1.067
200358 1.067
200458 1.067
200557 1.067
200657 1.068
200756 1.068
200856 1.068
200956 1.068
201055 1.069
201155 1.069
201254 1.069
201354 1.069
201453 1.069
201553 1.069
201652 1.069
201752 1.069
201851 1.069
201951 1.069
202051 1.069
202150 1.069
202250 1.069
202349 1.069
202449 1.069
202548 1.069
202648 1.069
202747 1.069
202847 1.069
202848 1.069
202849 1.069
202850 1.069
202852 1.069
202853 1.070
202854 1.069
202855 1.069
202856 1.070
202857 1.070
202858 1.069
202859 1.069
202861 1.069
202862 1.069
202863 1.069
202864 1.069
202865 1.069
202866 1.069
202867 1.069
202868 1.069
202870 1.069
202871 1.069
202872 1.069
202873 1.069
202874 1.069
202875 1.069
202876 1.069
202877 1.069
202879 1.069
202880 1.069
202881 1.069
202882 1.069
202883 1.069
202884 1.069
202885 1.069
202886 1.069
202888 1.069
202889 1.069
202890 1.069
202891 1.069
202892 1.069
202893 1.069
202894 1.069
202895 1.069
202897 1.069
202898 1.070
202899 1.069
202900 1.069
202901 1.070
202902 1.069
202903 1.069
202905 1.070
202906 1.070
202907 1.069
202908 1.069
202910 1.069
202912 1.069
202915 1.069
202917 1.069
202919 1.069
202921 1.069
202924 1.069
202926 1.070
202928 1.070
202930 1.070
202932 1.069
202935 1.070
202937 1.069
202939 1.069
202941 1.069
202944 1.069
202946 1.070
202948 1.070
202950 1.070
202953 1.069
202955 1.069
202957 1.069
202959 1.069
202962 1.069
202964 1.069
202966 1.070
202968 1.070
202970 1.070
202975 1.069
202979 1.069
202984 1.069
202988 1.070
202993 1.069
202997 1.069
203002 1.069
203006 1.070
203010 1.070
203015 1.070
203019 1.070
203024 1.070
203028 1.070
203033 1.070
203042 1.069
203050 1.070
203059 1.070
203068 1.070
203077 1.070
203086 1.070
203095 1.070
203112 1.070
203130 1.070
203148 1.070
203166 1.070
203201 1.070
203236 1.070
203307 1.071
203407 1.071
203506 1.071
203507 1.071
203509 1.071
203510 1.071
203511 1.071
203512 1.071
203513 1.071
203514 1.071
203515 1.071
203516 1.071
203518 1.071
203519 1.071
203520 1.071
203521 1.071
203522 1.071
203523 1.071
203524 1.071
203526 1.071
203527 1.071
203528 1.071
203529 1.071
203530 1.071
203531 1.071
203532 1.071
203533 1.071
203535 1.071
203536 1.071
203537 1.071
203538 1.071
203539 1.071
203540 1.071
203541 1.071
203542 1.071
203544 1.071
203545 1.071
203546 1.071
203547 1.071
203548 1.071
203549 1.071
203550 1.071
203551 1.071
203553 1.071
203554 1.071
203555 1.070
203556 1.071
203557 1.071
203558 1.071
203559 1.071
203560 1.071
203562 1.071
203563 1.071
203564 1.071
203565 1.071
203566 1.071
203567 1.071
203569 1.071
203572 1.071
203574 1.071
203576 1.071
203578 1.071
203581 1.071
203583 1.071
203585 1.071
203587 1.071
203590 1.071
203592 1.071
203594 1.071
203596 1.071
203598 1.071
203601 1.071
203603 1.071
203605 1.071
203607 1.071
203610 1.071
203612 1.071
203614 1.071
203616 1.071
203619 1.071
203621 1.071
203623 1.071
203625 1.071
203628 1.071
203632 1.071
203636 1.071
203641 1.071
203645 1.071
203650 1.071
203654 1.071
203659 1.071
203663 1.071
203668 1.071
203672 1.071
203676 1.071
203681 1.071
203685 1.071
203690 1.071
203699 1.071
203707 1.071
203716 1.071
203725 1.071
203734 1.071
203743 1.071
203752 1.071
203770 1.071
203787 1.071
203805 1.071
203823 1.071
203858 1.071
203894 1.071
203964 1.071
204064 1.071
204163 1.071
204263 1.071
204363 1.071
204462 1.071
204562 1.071
204661 1.071
204761 1.071
204860 1.071
204960 1.071
205059 1.071
205159 1.071
205258 1.071
205358 1.071
205458 1.071
205557 1.071
205657 1.072
205756 1.072
205856 1.072
205955 1.072
206055 1.072
206154 1.072
206254 1.072
206354 1.072
206453 1.072
206553 1.072
206652 1.072
206752 1.072
206851 1.072
206951 1.072
207050 1.072
207150 1.072
207250 1.072
207349 1.072
207449 1.072
207548 1.072
207648 1.072
207747 1.072
207847 1.072
207946 1.072
208046 1.072
208145 1.072
208245 1.072
208345 1.072
208444 1.072
208544 1.072
208643 1.072
208743 1.072
208842 1.073
208942 1.073
209041 1.073
209141 1.073
209241 1.073
209340 1.073
209440 1.073
209539 1.074
209639 1.074
209738 1.074
209838 1.074
209937 1.074
210037 1.074
210137 1.074
210236 1.074
210336 1.074
210435 1.074
210535 1.074
210634 1.074
210734 1.074
210833 1.074
210933 1.074
211033 1.074
211132 1.074
211232 1.074
211331 1.074
211431 1.074
211530 1.074
211630 1.074
211729 1.074
211829 1.074
211928 1.074
212028 1.074
212128 1.074
212227 1.074
212327 1.074
212426 1.074
212526 1.074
212625 1.074
212725 1.074
212824 1.074
212924 1.074
213024 1.074
213123 1.074
213223 1.074
213322 1.074
213422 1.074
213521 1.074
213621 1.074
213720 1.074
213820 1.074
213920 1.074
214019 1.075
214119 1.075
214218 1.076
214318 1.076
214417 1.076
214517 1.076
214616 1.076
214716 1.076
214816 1.076
214915 1.076
215015 1.076
215114 1.076
215214 1.076
215313 1.076
215413 1.076
215512 1.076
215612 1.076
215712 1.076
215811 1.076
215911 1.076
216010 1.076
216110 1.076
216209 1.076
216309 1.076
216408 1.076
216508 1.076
216607 1.076
216707 1.076
216807 1.076
216906 1.076
217006 1.076
217105 1.076
217205 1.076
217304 1.076
217404 1.076
217503 1.076
217603 1.076
217703 1.076
217802 1.076
217902 1.076
218001 1.076
218101 1.076
218200 1.076
218300 1.076
218399 1.076
218499 1.076
218599 1.076
218698 1.076
218798 1.077
218897 1.077
218997 1.077
219096 1.077
219196 1.077
219295 1.077
219395 1.077
219495 1.077
219594 1.077
219694 1.077
219793 1.077
219893 1.077
219992 1.077
220092 1.077
220191 1.077
220291 1.077
220390 1.077
220490 1.077
220590 1.077
220689 1.077
220789 1.077
220888 1.077
220988 1.077
221087 1.077
221187 1.077
221286 1.077
221386 1.077
221486 1.077
221585 1.077
221685 1.077
221784 1.077
221884 1.077
221983 1.077
222083 1.077
222182 1.077
222282 1.077
222382 1.077
222481 1.077
222581 1.077
222680 1.077
222780 1.077
222879 1.077
222979 1.077
223078 1.077
223178 1.077
223278 1.077
223377 1.077
223477 1.077
223576 1.077
223676 1.078
223775 1.078
223875 1.078
223974 1.078
224074 1.078
224173 1.078
224273 1.078
224373 1.078
224472 1.079
224572 1.079
224671 1.079
224771 1.079
224870 1.079
224970 1.079
225069 1.079
225169 1.079
225269 1.079
225368 1.079
225468 1.079
225567 1.079
225667 1.079
225766 1.079
225866 1.079
225965 1.079
226065 1.079
226165 1.079
226264 1.079
226364 1.079
226463 1.079
226563 1.079
226662 1.079
226762 1.079
226861 1.079
226961 1.079
227061 1.079
227160 1.079
227260 1.079
227359 1.079
227459 1.079
227558 1.079
