# Este conjunto de dados, denominado CargaPilhasAA, é composto por vários arquivos com dados de descarga e de recuperação de pilhas AA de diversos fabricantes. Estes dados são distribuídos sob licença Creative Commons Attribution 4.0 (CC-BY). <http://creativecommons.org/licenses/by/4.0/>
# This dataset, named CargaPilhasAA, is composed of several files with discharge and recovery of AA batteries from several manufacturers. This dataset is licensed under a Creative Commons Attribution 4.0 International License (CC-BY). <http://creativecommons.org/licenses/by/4.0/>
# Galileu H. Oliveira, Rio de Janeiro, Brasil. Jan/2023.
# Fabricante: TOSHIBA
# Tipo: alcalina
# Exemplar: 2
# Processo: descarga
# Corrente: 50 mA
# tempo (segundos)  tensão (volts)
Time TO2
0 1.615
1 1.573
3 1.537
4 1.541
5 1.544
6 1.546
7 1.547
8 1.549
9 1.549
10 1.551
12 1.551
13 1.551
14 1.552
15 1.552
16 1.552
17 1.552
18 1.554
19 1.554
21 1.554
22 1.554
23 1.554
24 1.554
25 1.555
26 1.556
27 1.556
28 1.556
30 1.556
31 1.556
32 1.556
34 1.556
36 1.556
38 1.556
41 1.556
43 1.557
45 1.557
47 1.557
50 1.557
52 1.557
54 1.557
56 1.557
59 1.557
61 1.557
63 1.557
65 1.557
67 1.557
70 1.557
72 1.557
74 1.557
76 1.557
79 1.557
81 1.557
83 1.557
85 1.558
88 1.558
90 1.557
92 1.558
94 1.557
99 1.557
103 1.557
108 1.557
112 1.557
116 1.558
121 1.557
125 1.557
130 1.557
134 1.557
139 1.557
143 1.557
148 1.557
152 1.557
156 1.557
165 1.557
174 1.557
183 1.557
192 1.557
201 1.557
210 1.557
219 1.557
236 1.557
254 1.556
272 1.556
289 1.556
325 1.555
360 1.554
431 1.553
531 1.551
630 1.548
730 1.545
829 1.543
929 1.540
1028 1.538
1128 1.536
1227 1.533
1327 1.531
1426 1.529
1526 1.527
1626 1.525
1725 1.522
1825 1.520
1924 1.518
2024 1.516
2123 1.514
2223 1.513
2322 1.511
2422 1.509
2522 1.507
2621 1.506
2721 1.504
2820 1.502
2920 1.501
3019 1.500
3119 1.498
3218 1.497
3318 1.495
3417 1.494
3517 1.492
3617 1.491
3716 1.489
3816 1.488
3915 1.486
4015 1.485
4114 1.484
4214 1.483
4313 1.482
4413 1.481
4512 1.479
4612 1.479
4712 1.478
4811 1.476
4911 1.476
5010 1.474
5110 1.473
5209 1.473
5309 1.471
5408 1.471
5508 1.469
5607 1.469
5707 1.468
5807 1.466
5906 1.466
6006 1.464
6105 1.464
6205 1.463
6304 1.462
6404 1.461
6503 1.460
6603 1.459
6702 1.458
6802 1.458
6902 1.457
7001 1.456
7101 1.455
7200 1.454
7300 1.453
7399 1.453
7499 1.452
7598 1.451
7698 1.451
7798 1.449
7897 1.449
7997 1.448
8096 1.448
8196 1.446
8295 1.446
8395 1.445
8494 1.444
8594 1.444
8693 1.443
8793 1.442
8893 1.441
8992 1.441
9092 1.440
9191 1.439
9291 1.439
9390 1.438
9490 1.438
9589 1.437
9689 1.436
9788 1.436
9888 1.435
9988 1.434
10087 1.434
10187 1.433
10286 1.433
10386 1.432
10485 1.431
10585 1.431
10684 1.430
10784 1.429
10884 1.429
10983 1.429
11083 1.428
11182 1.428
11282 1.427
11381 1.426
11481 1.426
11580 1.426
11680 1.425
11779 1.424
11879 1.424
11979 1.423
12078 1.423
12178 1.423
12277 1.422
12377 1.421
12476 1.421
12576 1.421
12675 1.419
12775 1.419
12875 1.419
12974 1.418
13074 1.418
13173 1.418
13273 1.418
13372 1.417
13472 1.416
13571 1.416
13671 1.416
13770 1.415
13870 1.414
13970 1.414
14069 1.414
14169 1.414
14268 1.413
14368 1.413
14467 1.413
14567 1.413
14666 1.411
14766 1.411
14865 1.411
14965 1.411
15065 1.410
15164 1.409
15264 1.409
15363 1.409
15463 1.408
15562 1.408
15662 1.408
15761 1.408
15861 1.408
15961 1.407
16060 1.406
16160 1.406
16259 1.406
16359 1.406
16458 1.405
16558 1.404
16657 1.404
16757 1.404
16856 1.404
16956 1.403
17056 1.403
17155 1.403
17255 1.403
17354 1.402
17454 1.401
17553 1.401
17653 1.401
17752 1.401
17852 1.401
17951 1.400
18051 1.400
18151 1.400
18250 1.400
18350 1.399
18449 1.398
18549 1.398
18648 1.398
18748 1.398
18847 1.397
18947 1.396
19047 1.396
19146 1.396
19246 1.396
19345 1.395
19445 1.395
19544 1.395
19644 1.395
19743 1.395
19843 1.394
19942 1.393
20042 1.393
20142 1.393
20241 1.393
20341 1.393
20440 1.393
20540 1.392
20639 1.391
20739 1.391
20838 1.391
20938 1.391
21037 1.391
21137 1.390
21237 1.390
21336 1.390
21436 1.390
21535 1.388
21635 1.388
21734 1.388
21834 1.388
21933 1.388
22033 1.388
22133 1.386
22232 1.386
22332 1.386
22431 1.386
22531 1.386
22630 1.385
22730 1.385
22829 1.385
22929 1.385
23028 1.385
23128 1.384
23228 1.383
23327 1.383
23427 1.383
23526 1.383
23626 1.383
23725 1.382
23825 1.381
23924 1.381
24024 1.381
24124 1.381
24223 1.381
24323 1.380
24422 1.380
24522 1.380
24621 1.380
24721 1.380
24820 1.379
24920 1.378
25020 1.378
25119 1.378
25219 1.378
25318 1.378
25418 1.376
25517 1.376
25617 1.376
25716 1.376
25816 1.376
25915 1.375
26015 1.375
26115 1.375
26214 1.375
26314 1.375
26413 1.374
26513 1.373
26612 1.373
26712 1.373
26811 1.373
26911 1.372
27011 1.371
27110 1.371
27210 1.371
27309 1.371
27409 1.370
27508 1.370
27608 1.370
27707 1.370
27807 1.370
27907 1.369
28006 1.368
28106 1.368
28205 1.368
28305 1.368
28404 1.368
28504 1.367
28603 1.366
28703 1.366
28802 1.366
28902 1.366
29002 1.366
29101 1.365
29201 1.365
29300 1.365
29400 1.365
29499 1.365
29599 1.364
29698 1.363
29798 1.363
29898 1.363
29997 1.363
30097 1.363
30196 1.362
30296 1.361
30395 1.361
30495 1.361
30594 1.361
30694 1.361
30793 1.360
30893 1.360
30993 1.360
31092 1.360
31192 1.360
31291 1.359
31391 1.358
31490 1.358
31590 1.358
31689 1.358
31789 1.358
31889 1.357
31988 1.356
32088 1.356
32187 1.356
32287 1.356
32386 1.356
32486 1.355
32585 1.355
32685 1.355
32785 1.355
32884 1.355
32984 1.354
33083 1.353
33183 1.353
33282 1.353
33382 1.353
33481 1.353
33581 1.353
33680 1.352
33780 1.351
33880 1.351
33979 1.351
34079 1.351
34178 1.351
34278 1.350
34377 1.350
34477 1.350
34576 1.350
34676 1.350
34776 1.349
34875 1.348
34975 1.348
35074 1.348
35174 1.348
35273 1.348
35373 1.347
35472 1.346
35572 1.346
35672 1.346
35771 1.346
35871 1.346
35970 1.346
36070 1.345
36169 1.345
36269 1.345
36368 1.345
36468 1.345
36568 1.344
36667 1.343
36767 1.343
36866 1.343
36966 1.343
37065 1.343
37165 1.343
37264 1.342
37364 1.341
37463 1.341
37563 1.341
37663 1.341
37762 1.341
37862 1.341
37961 1.340
38061 1.340
38160 1.340
38260 1.340
38359 1.340
38459 1.340
38559 1.340
38658 1.339
38758 1.338
38857 1.338
38957 1.338
39056 1.338
39156 1.338
39255 1.338
39355 1.337
39455 1.336
39554 1.336
39654 1.336
39753 1.336
39853 1.336
39952 1.336
40052 1.335
40151 1.335
40251 1.335
40351 1.335
40450 1.335
40550 1.335
40649 1.334
40749 1.333
40848 1.333
40948 1.333
41047 1.333
41147 1.333
41247 1.333
41346 1.332
41446 1.331
41545 1.331
41645 1.331
41744 1.331
41844 1.331
41943 1.331
42043 1.330
42143 1.330
42242 1.330
42342 1.330
42441 1.330
42541 1.330
42640 1.329
42740 1.328
42839 1.328
42939 1.328
43038 1.328
43138 1.328
43238 1.328
43337 1.328
43437 1.327
43536 1.326
43636 1.326
43735 1.326
43835 1.326
43934 1.326
44034 1.325
44134 1.325
44233 1.325
44333 1.325
44432 1.325
44532 1.325
44631 1.325
44731 1.324
44830 1.323
44930 1.323
45030 1.323
45129 1.323
45229 1.323
45328 1.323
45428 1.322
45527 1.322
45627 1.321
45726 1.321
45826 1.321
45926 1.321
46025 1.321
46125 1.321
46224 1.320
46324 1.320
46423 1.320
46523 1.320
46622 1.320
46722 1.320
46822 1.320
46921 1.319
47021 1.318
47120 1.318
47220 1.318
47319 1.318
47419 1.318
47518 1.318
47618 1.318
47718 1.317
47817 1.317
47917 1.317
48016 1.317
48116 1.317
48215 1.317
48315 1.317
48414 1.316
48514 1.316
48614 1.315
48713 1.315
48813 1.315
48912 1.315
49012 1.315
49111 1.315
49211 1.315
49310 1.315
49410 1.314
49509 1.313
49609 1.313
49709 1.313
49808 1.313
49908 1.313
50007 1.313
50107 1.313
50206 1.313
50306 1.312
50405 1.312
50505 1.312
50605 1.312
50704 1.312
50804 1.312
50903 1.312
51003 1.312
51102 1.311
51202 1.311
51301 1.310
51401 1.310
51500 1.310
51600 1.310
51700 1.310
51799 1.310
51899 1.310
51998 1.310
52098 1.309
52197 1.308
52297 1.308
52396 1.308
52496 1.308
52596 1.308
52695 1.308
52795 1.308
52894 1.308
52994 1.308
53093 1.307
53193 1.307
53292 1.307
53392 1.307
53492 1.307
53591 1.307
53691 1.307
53790 1.307
53890 1.306
53989 1.306
54089 1.305
54188 1.305
54288 1.305
54388 1.305
54487 1.305
54587 1.305
54686 1.305
54786 1.305
54885 1.304
54985 1.303
55084 1.303
55184 1.303
55283 1.303
55383 1.303
55483 1.303
55582 1.303
55682 1.303
55781 1.303
55881 1.302
55980 1.302
56080 1.302
56179 1.302
56279 1.302
56379 1.302
56478 1.302
56578 1.302
56677 1.302
56777 1.302
56876 1.301
56976 1.300
57075 1.300
57175 1.300
57275 1.300
57374 1.300
57474 1.300
57573 1.300
57673 1.300
57772 1.300
57872 1.299
57971 1.298
58071 1.298
58171 1.298
58270 1.298
58370 1.298
58469 1.298
58569 1.298
58668 1.298
58768 1.298
58867 1.298
58967 1.297
59066 1.297
59166 1.297
59266 1.297
59365 1.297
59465 1.297
59564 1.297
59664 1.297
59763 1.296
59863 1.296
59962 1.295
60062 1.295
60162 1.295
60261 1.295
60361 1.295
60460 1.295
60560 1.295
60659 1.295
60759 1.295
60858 1.295
60958 1.294
61058 1.294
61157 1.293
61257 1.293
61356 1.293
61456 1.293
61555 1.293
61655 1.293
61754 1.293
61854 1.293
61954 1.293
62053 1.292
62153 1.292
62252 1.292
62352 1.292
62451 1.292
62551 1.292
62650 1.292
62750 1.292
62849 1.292
62949 1.292
63049 1.292
63148 1.291
63248 1.290
63347 1.290
63447 1.290
63546 1.290
63646 1.290
63745 1.290
63845 1.290
63945 1.290
64044 1.290
64144 1.290
64243 1.290
64343 1.289
64442 1.288
64542 1.288
64641 1.288
64741 1.288
64841 1.288
64940 1.288
65040 1.288
65139 1.288
65239 1.288
65338 1.288
65438 1.288
65537 1.287
65637 1.287
65736 1.287
65836 1.287
65936 1.287
66035 1.287
66135 1.287
66234 1.287
66334 1.287
66433 1.287
66533 1.287
66632 1.286
66732 1.285
66832 1.285
66931 1.285
67031 1.285
67130 1.285
67230 1.285
67329 1.285
67429 1.285
67528 1.285
67628 1.285
67728 1.285
67827 1.285
67927 1.285
68026 1.284
68126 1.284
68225 1.283
68325 1.283
68424 1.283
68524 1.283
68624 1.283
68723 1.283
68823 1.283
68922 1.283
69022 1.283
69121 1.283
69221 1.283
69320 1.282
69420 1.282
69520 1.282
69619 1.282
69719 1.282
69818 1.282
69918 1.282
70017 1.282
70117 1.282
70216 1.282
70316 1.282
70415 1.281
70515 1.280
70615 1.280
70714 1.280
70814 1.280
70913 1.280
71013 1.280
71112 1.280
71212 1.280
71311 1.280
71411 1.280
71511 1.279
71610 1.279
71710 1.278
71809 1.278
71909 1.278
72008 1.278
72108 1.278
72207 1.278
72307 1.278
72407 1.278
72506 1.278
72606 1.277
72705 1.277
72805 1.277
72904 1.277
73004 1.277
73103 1.277
73203 1.277
73303 1.277
73402 1.277
73502 1.277
73601 1.276
73701 1.276
73800 1.275
73900 1.275
73999 1.275
74099 1.275
74199 1.275
74298 1.275
74398 1.275
74497 1.275
74597 1.274
74696 1.273
74796 1.273
74895 1.273
74995 1.273
75094 1.273
75194 1.273
75294 1.273
75393 1.273
75493 1.273
75592 1.273
75692 1.273
75791 1.272
75891 1.272
75990 1.272
76090 1.272
76190 1.272
76289 1.272
76389 1.272
76488 1.272
76588 1.272
76687 1.272
76787 1.271
76886 1.271
76986 1.270
77086 1.270
77185 1.270
77285 1.270
77384 1.270
77484 1.270
77583 1.270
77683 1.270
77782 1.270
77882 1.270
77982 1.270
78081 1.269
78181 1.268
78280 1.268
78380 1.268
78479 1.268
78579 1.268
78678 1.268
78778 1.268
78878 1.268
78977 1.268
79077 1.268
79176 1.267
79276 1.267
79375 1.267
79475 1.267
79574 1.267
79674 1.267
79774 1.267
79873 1.267
79973 1.267
80072 1.267
80172 1.267
80271 1.267
80371 1.266
80470 1.265
80570 1.265
80669 1.265
80769 1.265
80869 1.265
80968 1.265
81068 1.265
81167 1.265
81267 1.265
81366 1.265
81466 1.264
81565 1.263
81665 1.263
81765 1.263
81864 1.263
81964 1.263
82063 1.263
82163 1.263
82262 1.263
82362 1.263
82461 1.263
82561 1.262
82661 1.262
82760 1.262
82860 1.262
82959 1.262
83059 1.262
83158 1.262
83258 1.262
83357 1.262
83457 1.262
83556 1.262
83656 1.261
83756 1.260
83855 1.260
83955 1.260
84054 1.260
84154 1.260
84253 1.260
84353 1.260
84452 1.260
84552 1.260
84652 1.260
84751 1.260
84851 1.260
84950 1.260
85050 1.259
85149 1.258
85249 1.258
85348 1.258
85448 1.258
85548 1.258
85647 1.258
85747 1.258
85846 1.258
85946 1.258
86045 1.258
86145 1.258
86244 1.258
86344 1.258
86444 1.258
86543 1.257
86643 1.257
86742 1.257
86842 1.257
86941 1.257
87041 1.257
87140 1.257
87240 1.257
87340 1.257
87439 1.257
87539 1.257
87638 1.257
87738 1.257
87837 1.257
87937 1.257
88036 1.257
88136 1.257
88236 1.257
88335 1.257
88435 1.257
88534 1.257
88634 1.257
88733 1.257
88833 1.257
88932 1.257
89032 1.257
89131 1.257
89231 1.257
89331 1.257
89430 1.257
89530 1.256
89629 1.255
89729 1.255
89828 1.255
89928 1.255
90027 1.255
90127 1.255
90227 1.255
90326 1.255
90426 1.255
90525 1.255
90625 1.255
90724 1.255
90824 1.255
90923 1.254
91023 1.253
91123 1.253
91222 1.253
91322 1.253
91421 1.253
91521 1.253
91620 1.253
91720 1.253
91819 1.253
91919 1.253
92019 1.252
92118 1.252
92218 1.252
92317 1.252
92417 1.252
92516 1.252
92616 1.252
92715 1.252
92815 1.251
92914 1.250
93014 1.250
93114 1.250
93213 1.250
93313 1.250
93412 1.250
93512 1.250
93611 1.250
93711 1.250
93810 1.249
93910 1.249
94010 1.248
94109 1.248
94209 1.248
94308 1.248
94408 1.248
94507 1.248
94607 1.248
94706 1.247
94806 1.247
94906 1.247
95005 1.247
95105 1.247
95204 1.247
95304 1.247
95403 1.247
95503 1.247
95602 1.247
95702 1.247
95802 1.247
95901 1.247
96001 1.245
96100 1.245
96200 1.245
96299 1.245
96399 1.245
96498 1.245
96598 1.245
96698 1.245
96797 1.245
96897 1.245
96996 1.245
97096 1.245
97195 1.244
97295 1.243
97394 1.243
97494 1.243
97594 1.243
97693 1.243
97793 1.243
97892 1.243
97992 1.243
98091 1.242
98191 1.242
98290 1.242
98390 1.242
98490 1.242
98589 1.241
98689 1.240
98788 1.240
98888 1.240
98987 1.240
99087 1.240
99186 1.240
99286 1.240
99385 1.240
99485 1.240
99585 1.239
99684 1.238
99784 1.238
99883 1.238
99983 1.238
100082 1.238
100182 1.238
100281 1.238
100381 1.238
100481 1.238
100580 1.237
100680 1.237
100779 1.237
100879 1.237
100978 1.237
101078 1.237
101177 1.237
101277 1.236
101377 1.235
101476 1.235
101576 1.235
101675 1.235
101775 1.235
101874 1.235
101974 1.235
102073 1.235
102173 1.234
102273 1.234
102372 1.233
102472 1.233
102571 1.233
102671 1.233
102770 1.233
102870 1.233
102969 1.233
103069 1.233
103169 1.233
103268 1.232
103368 1.232
103467 1.232
103567 1.232
103666 1.232
103766 1.232
103865 1.232
103965 1.232
104065 1.231
104164 1.230
104264 1.230
104363 1.230
104463 1.230
104562 1.230
104662 1.230
104761 1.230
104861 1.230
104960 1.229
105060 1.229
105160 1.229
105259 1.229
105359 1.229
105458 1.229
105558 1.229
105657 1.228
105757 1.227
105856 1.227
105956 1.227
106056 1.227
106155 1.227
106255 1.227
106354 1.226
106454 1.225
106553 1.225
106653 1.225
106752 1.225
106852 1.224
106952 1.224
107051 1.224
107151 1.224
107250 1.223
107350 1.222
107449 1.222
107549 1.222
107648 1.222
107748 1.222
107848 1.222
107947 1.222
108047 1.221
108146 1.220
108246 1.220
108345 1.220
108445 1.220
108544 1.220
108644 1.220
108744 1.220
108843 1.219
108943 1.219
109042 1.219
109142 1.219
109241 1.219
109341 1.219
109440 1.218
109540 1.217
109639 1.217
109739 1.217
109839 1.217
109938 1.217
110038 1.217
110137 1.217
110237 1.217
110336 1.216
110436 1.215
110535 1.215
110635 1.215
110735 1.215
110834 1.215
110934 1.215
111033 1.214
111133 1.214
111232 1.214
111332 1.214
111431 1.214
111531 1.214
111631 1.213
111730 1.212
111830 1.212
111929 1.212
112029 1.212
112128 1.212
112228 1.211
112327 1.210
112427 1.210
112527 1.210
112626 1.210
112726 1.210
112825 1.209
112925 1.209
113024 1.209
113124 1.209
113223 1.208
113323 1.207
113423 1.207
113522 1.207
113622 1.207
113721 1.207
113821 1.207
113920 1.207
114020 1.207
114119 1.206
114219 1.205
114319 1.205
114418 1.205
114518 1.205
114617 1.205
114717 1.205
114816 1.205
114916 1.204
115015 1.204
115115 1.204
115214 1.203
115314 1.202
115414 1.202
115513 1.202
115613 1.202
115712 1.202
115812 1.202
115911 1.201
116011 1.201
116110 1.200
116210 1.200
116310 1.200
116409 1.200
116509 1.200
116608 1.199
116708 1.199
116807 1.199
116907 1.199
117006 1.199
117106 1.198
117206 1.197
117305 1.197
117405 1.197
117504 1.197
117604 1.197
117703 1.196
117803 1.195
117902 1.195
118002 1.195
118102 1.195
118201 1.195
118301 1.194
118400 1.194
118500 1.194
118599 1.194
118699 1.194
118798 1.192
118898 1.192
118998 1.192
119097 1.192
119197 1.192
119296 1.192
119396 1.191
119495 1.190
119595 1.190
119694 1.190
119794 1.190
119894 1.190
119993 1.190
120093 1.189
120192 1.189
120292 1.189
120391 1.189
120491 1.189
120590 1.188
120690 1.187
120790 1.187
120889 1.187
120989 1.187
121088 1.187
121188 1.187
121287 1.185
121387 1.185
121486 1.185
121586 1.185
121685 1.185
121785 1.184
121885 1.184
121984 1.184
122084 1.184
122183 1.184
122283 1.184
122382 1.183
122482 1.182
122581 1.182
122681 1.182
122781 1.182
122880 1.182
122980 1.181
123079 1.180
123179 1.180
123278 1.180
123378 1.180
123477 1.180
123577 1.180
123677 1.179
123776 1.179
123876 1.179
123975 1.179
124075 1.179
124174 1.178
124274 1.177
124373 1.177
124473 1.177
124573 1.177
124672 1.177
124772 1.177
124871 1.175
124971 1.175
125070 1.175
125170 1.175
125269 1.175
125369 1.174
125469 1.174
125568 1.174
125668 1.174
125767 1.174
125867 1.173
125966 1.172
126066 1.172
126165 1.172
126265 1.172
126365 1.172
126464 1.170
126564 1.170
126663 1.170
126763 1.170
126862 1.170
126962 1.169
127061 1.169
127161 1.169
127261 1.169
127360 1.168
127460 1.167
127559 1.167
127659 1.167
127758 1.167
127858 1.167
127957 1.167
128057 1.166
128156 1.165
128256 1.165
128356 1.165
128455 1.165
128555 1.165
128654 1.164
128754 1.164
128853 1.164
128953 1.164
129052 1.164
129152 1.163
129252 1.162
129351 1.162
129451 1.162
129550 1.162
129650 1.161
129749 1.160
129849 1.160
129948 1.160
130048 1.160
130148 1.160
130247 1.159
130347 1.159
130446 1.159
130546 1.159
130645 1.158
130745 1.157
130844 1.157
130944 1.157
131044 1.157
131143 1.156
131243 1.155
131342 1.155
131442 1.155
131541 1.155
131641 1.154
131740 1.154
131840 1.154
131940 1.154
132039 1.153
132139 1.152
132238 1.152
132338 1.152
132437 1.151
132537 1.151
132636 1.150
132736 1.150
132836 1.150
132935 1.149
133035 1.149
133134 1.149
133234 1.149
133333 1.148
133433 1.147
133532 1.147
133632 1.147
133732 1.147
133831 1.146
133931 1.146
134030 1.146
134130 1.145
134229 1.144
134329 1.144
134428 1.144
134528 1.144
134628 1.143
134727 1.142
134827 1.142
134926 1.142
135026 1.141
135125 1.141
135225 1.141
135324 1.141
135424 1.140
135524 1.139
135623 1.139
135723 1.139
135822 1.139
135922 1.137
136021 1.137
136121 1.137
136220 1.137
136320 1.136
136420 1.136
136519 1.136
136619 1.135
136718 1.134
136818 1.134
136917 1.134
137017 1.134
137116 1.132
137216 1.132
137315 1.132
137415 1.132
137515 1.131
137614 1.131
137714 1.131
137813 1.130
137913 1.129
138012 1.129
138112 1.129
138211 1.129
138311 1.128
138411 1.127
138510 1.127
138610 1.126
138709 1.126
138809 1.126
138908 1.126
139008 1.124
139107 1.124
139207 1.124
139307 1.124
139406 1.122
139506 1.122
139605 1.122
139705 1.122
139804 1.121
139904 1.121
140003 1.120
140103 1.119
140203 1.119
140302 1.119
140402 1.118
140501 1.117
140601 1.117
140700 1.117
140800 1.116
140899 1.116
140999 1.116
141099 1.116
141198 1.114
141298 1.114
141397 1.114
141497 1.113
141596 1.112
141696 1.112
141795 1.112
141895 1.111
141995 1.111
142094 1.111
142194 1.110
142293 1.109
142393 1.109
142492 1.109
142592 1.107
142691 1.107
142791 1.107
142891 1.106
142990 1.106
143090 1.106
143189 1.105
143289 1.104
143388 1.104
143488 1.104
143587 1.102
143687 1.102
143787 1.102
143886 1.101
143986 1.101
144085 1.101
144185 1.099
144284 1.099
144384 1.099
144483 1.098
144583 1.097
144682 1.097
144782 1.097
144882 1.096
144981 1.096
145081 1.095
145180 1.094
145280 1.094
145379 1.094
145479 1.092
145578 1.092
145678 1.092
145778 1.091
145877 1.091
145977 1.091
146076 1.089
146176 1.089
146275 1.089
146375 1.088
146474 1.087
146574 1.087
146674 1.086
146773 1.086
146873 1.086
146972 1.085
147072 1.084
147171 1.084
147271 1.083
147370 1.082
147470 1.082
147570 1.082
147669 1.081
147769 1.081
147868 1.080
147968 1.079
148067 1.079
148167 1.078
148266 1.077
148366 1.077
148465 1.077
148565 1.076
148665 1.076
148764 1.076
148864 1.074
148963 1.074
149063 1.074
149162 1.073
149262 1.072
149361 1.072
149461 1.071
149561 1.071
149660 1.071
149760 1.069
149859 1.069
149959 1.069
150058 1.068
150158 1.067
150257 1.067
150357 1.066
150457 1.066
150556 1.066
150656 1.064
150755 1.064
150855 1.064
150954 1.063
151054 1.063
151153 1.063
151253 1.062
151353 1.061
151452 1.061
151552 1.060
151651 1.059
151751 1.059
151850 1.059
151950 1.058
152049 1.058
152149 1.057
152248 1.056
152348 1.056
152448 1.056
152547 1.055
152647 1.054
152746 1.054
152846 1.054
152945 1.054
153045 1.053
153144 1.053
153244 1.053
153344 1.052
153443 1.051
153543 1.051
153642 1.051
153742 1.051
153841 1.050
153941 1.049
154040 1.049
154140 1.049
154240 1.048
154339 1.048
154439 1.048
154538 1.048
154638 1.047
154737 1.046
154837 1.046
154936 1.046
155036 1.045
155136 1.044
155235 1.044
155335 1.044
155434 1.043
155534 1.043
155633 1.043
155733 1.042
155832 1.041
155932 1.041
156032 1.041
156131 1.041
156231 1.039
156330 1.039
156430 1.039
156529 1.038
156629 1.038
156728 1.038
156828 1.037
156928 1.036
157027 1.036
157127 1.036
157226 1.035
157326 1.034
157425 1.034
157525 1.033
157624 1.033
157724 1.033
157824 1.032
157923 1.031
158023 1.031
158122 1.031
158222 1.030
158321 1.029
158421 1.029
158520 1.028
158620 1.028
158720 1.028
158819 1.027
158919 1.026
159018 1.026
159118 1.026
159217 1.024
159317 1.024
159416 1.024
159516 1.023
159615 1.023
159715 1.023
159815 1.021
159914 1.021
160014 1.021
160113 1.020
160213 1.019
160312 1.019
160412 1.018
160511 1.018
160611 1.018
160711 1.016
160810 1.016
160910 1.016
161009 1.015
161109 1.014
161208 1.014
161308 1.013
161407 1.013
161507 1.012
161606 1.011
161706 1.011
161806 1.011
161905 1.009
162005 1.009
162104 1.009
162204 1.008
162303 1.008
162403 1.008
162502 1.006
162602 1.006
162701 1.006
162801 1.004
162901 1.004
163000 1.003
163100 1.003
163199 1.003
163299 1.002
163398 1.001
163498 1.001
163597 1.000
163697 0.999
163797 0.999
163896 0.998
163996 0.998
164095 0.997
164195 0.996
164294 0.996
164394 0.994
164493 0.994
164593 0.994
164692 0.993
164792 0.993
164892 0.991
164991 0.991
165091 0.990
165190 0.989
165290 0.989
165389 0.988
165489 0.988
165588 0.987
165688 0.986
165787 0.986
165887 0.984
165987 0.984
166086 0.983
166186 0.983
166285 0.982
166385 0.981
166484 0.981
166584 0.979
166683 0.979
166783 0.978
166883 0.978
166982 0.976
167082 0.976
167181 0.975
167281 0.975
167380 0.974
167480 0.973
167579 0.972
167679 0.971
167778 0.971
167878 0.970
167978 0.969
168077 0.968
168177 0.968
168276 0.966
168376 0.966
168475 0.965
168575 0.964
168674 0.963
168774 0.962
168874 0.961
168973 0.960
169073 0.960
169172 0.958
169272 0.958
169371 0.956
169471 0.956
169570 0.955
169670 0.954
169769 0.953
169869 0.952
169969 0.951
170068 0.950
170168 0.949
170267 0.948
170367 0.947
170466 0.946
170566 0.945
170665 0.943
170765 0.943
170865 0.941
170964 0.940
171064 0.939
171163 0.938
171263 0.937
171362 0.936
171462 0.935
171561 0.933
171661 0.932
171760 0.931
171860 0.930
171960 0.928
172059 0.927
172159 0.926
172258 0.925
172358 0.923
172457 0.922
172557 0.921
172656 0.919
172756 0.918
172856 0.916
172955 0.915
173055 0.913
173154 0.912
173254 0.911
173353 0.909
173453 0.907
173552 0.906
173652 0.904
173751 0.902
173851 0.900
173951 0.899
174050 0.897
174150 0.895
174249 0.893
174349 0.891
174448 0.889
174548 0.887
174647 0.885
174747 0.883
174846 0.880
174946 0.878
175046 0.876
175145 0.874
175245 0.871
175344 0.869
175444 0.866
175543 0.863
175643 0.861
175742 0.858
175842 0.855
175942 0.853
176041 0.850
176141 0.847
176240 0.844
176340 0.841
176439 0.839
176539 0.836
176638 0.832
176738 0.829
176838 0.826
176937 0.823
177037 0.820
177136 0.817
177236 0.814
177335 0.811
177435 0.808
177534 0.804
177634 0.801
177733 0.798
177833 0.794
177933 0.791
178032 0.788
178132 0.784
178231 0.781
178331 0.777
178430 0.773
178530 0.770
178629 0.766
178729 0.762
178828 0.759
178928 0.755
179028 0.751
179127 0.747
179227 0.744
179326 0.740
179426 0.736
179525 0.731
179625 0.727
179724 0.723
179824 0.718
179923 0.714
180023 0.710
180123 0.705
180222 0.700
180322 0.695
