# Este conjunto de dados, denominado CargaPilhasAA, é composto por vários arquivos com dados de descarga e de recuperação de pilhas AA de diversos fabricantes. Estes dados são distribuídos sob licença Creative Commons Attribution 4.0 (CC-BY). <http://creativecommons.org/licenses/by/4.0/>
# This dataset, named CargaPilhasAA, is composed of several files with discharge and recovery of AA batteries from several manufacturers. This dataset is licensed under a Creative Commons Attribution 4.0 International License (CC-BY). <http://creativecommons.org/licenses/by/4.0/>
# Galileu H. Oliveira, Rio de Janeiro, Brasil. Jan/2023.
# Fabricante: TOSHIBA
# Tipo: alcalina
# Exemplar: 2
# Processo: recuperação
# Corrente: 0 mA
# tempo (segundos)  tensão (volts)
Time TO2
180322 0.695
180323 0.780
180324 0.799
180325 0.809
180326 0.818
180327 0.823
180328 0.829
180330 0.833
180331 0.836
180332 0.840
180333 0.843
180334 0.846
180335 0.848
180336 0.851
180337 0.853
180339 0.856
180340 0.857
180341 0.859
180342 0.861
180343 0.863
180344 0.865
180345 0.866
180346 0.867
180348 0.869
180349 0.871
180350 0.872
180351 0.873
180352 0.875
180353 0.876
180354 0.877
180355 0.878
180357 0.880
180358 0.881
180359 0.882
180360 0.883
180361 0.884
180362 0.885
180363 0.887
180365 0.887
180366 0.888
180367 0.889
180368 0.890
180369 0.892
180370 0.892
180371 0.893
180372 0.894
180374 0.895
180375 0.896
180376 0.896
180377 0.897
180378 0.898
180379 0.900
180380 0.900
180381 0.901
180383 0.901
180385 0.903
180387 0.904
180389 0.906
180391 0.907
180394 0.909
180396 0.911
180398 0.912
180400 0.913
180403 0.915
180405 0.916
180407 0.917
180409 0.919
180412 0.920
180414 0.921
180416 0.922
180418 0.923
180421 0.925
180423 0.926
180425 0.927
180427 0.928
180429 0.929
180432 0.930
180434 0.931
180436 0.932
180438 0.933
180441 0.934
180443 0.935
180445 0.936
180450 0.938
180454 0.940
180458 0.942
180463 0.944
180467 0.945
180472 0.947
180476 0.949
180481 0.951
180485 0.953
180490 0.955
180494 0.957
180498 0.959
180503 0.961
180507 0.963
180516 0.966
180525 0.970
180534 0.973
180543 0.976
180552 0.978
180561 0.980
180569 0.981
180587 0.983
180605 0.986
180623 0.988
180640 0.990
180676 0.992
180711 0.995
180782 0.999
180881 1.004
180981 1.009
181081 1.013
181180 1.017
181280 1.020
181379 1.023
181479 1.025
181578 1.027
181678 1.030
181777 1.031
181877 1.033
181976 1.035
182076 1.036
182176 1.038
182275 1.039
182375 1.041
182474 1.042
182574 1.043
182673 1.044
182773 1.045
182872 1.046
182972 1.047
183072 1.048
183171 1.049
183271 1.049
183370 1.051
183470 1.051
183569 1.052
183669 1.053
183768 1.054
183868 1.054
183967 1.055
184067 1.056
184167 1.056
184266 1.057
184366 1.058
184465 1.058
184565 1.059
184664 1.059
184764 1.059
184863 1.061
184963 1.061
185063 1.061
185162 1.062
185262 1.063
185361 1.063
185461 1.063
185560 1.064
185660 1.064
185759 1.064
185859 1.065
185959 1.066
186058 1.066
186158 1.066
186257 1.066
186258 1.066
186259 1.066
186261 1.066
186262 1.067
186263 1.067
186264 1.066
186265 1.066
186266 1.067
186267 1.067
186268 1.066
186270 1.066
186271 1.066
186272 1.067
186273 1.066
186274 1.067
186275 1.067
186276 1.066
186277 1.066
186279 1.066
186280 1.066
186281 1.067
186282 1.067
186283 1.066
186284 1.067
186285 1.067
186286 1.066
186288 1.067
186289 1.066
186290 1.067
186291 1.067
186292 1.067
186293 1.066
186294 1.067
186295 1.067
186297 1.067
186298 1.067
186299 1.067
186300 1.067
186301 1.067
186302 1.067
186303 1.067
186305 1.067
186306 1.067
186307 1.067
186308 1.067
186309 1.067
186310 1.066
186311 1.067
186312 1.067
186314 1.067
186315 1.067
186316 1.067
186317 1.067
186318 1.067
186320 1.067
186323 1.067
186325 1.067
186327 1.067
186329 1.067
186331 1.067
186334 1.067
186336 1.067
186338 1.067
186340 1.067
186343 1.067
186345 1.067
186347 1.067
186349 1.067
186352 1.067
186354 1.067
186356 1.067
186358 1.067
186360 1.067
186363 1.067
186365 1.067
186367 1.067
186369 1.067
186372 1.067
186374 1.067
186376 1.067
186378 1.067
186381 1.067
186385 1.067
186389 1.067
186394 1.067
186398 1.067
186403 1.067
186407 1.067
186412 1.067
186416 1.067
186421 1.067
186425 1.067
186429 1.067
186434 1.067
186438 1.067
186443 1.067
186452 1.067
186461 1.067
186469 1.067
186478 1.067
186487 1.067
186496 1.067
186505 1.067
186523 1.067
186540 1.067
186558 1.067
186576 1.067
186611 1.067
186647 1.067
186717 1.068
186817 1.069
186916 1.069
187016 1.069
187116 1.069
187215 1.071
187315 1.071
187414 1.071
187514 1.071
187613 1.071
187713 1.072
187812 1.072
187912 1.072
188011 1.072
188111 1.072
188211 1.073
188310 1.074
188410 1.074
188509 1.074
188609 1.074
188708 1.074
188808 1.074
188907 1.075
189007 1.076
189107 1.076
189206 1.076
189306 1.076
189405 1.076
189505 1.076
189604 1.076
189704 1.077
189803 1.077
189903 1.077
190002 1.077
190102 1.077
190202 1.077
190301 1.077
190401 1.078
190500 1.079
190600 1.079
190699 1.079
190799 1.079
190898 1.079
190998 1.079
191098 1.079
191197 1.079
191297 1.079
191396 1.080
191496 1.081
191595 1.081
191695 1.081
191794 1.081
191894 1.081
191994 1.081
192093 1.081
192193 1.081
192292 1.081
192392 1.082
192491 1.082
192591 1.082
192690 1.082
192790 1.082
192889 1.082
192989 1.082
193089 1.082
193188 1.082
193288 1.082
193387 1.082
193487 1.082
193586 1.083
193686 1.083
193785 1.084
193885 1.084
193985 1.084
193986 1.084
193987 1.084
193988 1.084
193989 1.084
193990 1.084
193991 1.084
193992 1.084
193994 1.084
193995 1.084
193996 1.084
193997 1.084
193998 1.084
193999 1.084
194000 1.084
194001 1.084
194003 1.084
194004 1.084
194005 1.084
194006 1.084
194007 1.084
194008 1.084
194009 1.084
194010 1.084
194012 1.084
194013 1.084
194014 1.084
194015 1.084
194016 1.084
194017 1.084
194018 1.084
194019 1.084
194021 1.084
194022 1.084
194023 1.084
194024 1.084
194025 1.084
194026 1.084
194027 1.084
194029 1.084
194030 1.084
194031 1.084
194032 1.084
194033 1.084
194034 1.084
194035 1.084
194036 1.084
194038 1.084
194039 1.084
194040 1.084
194041 1.084
194042 1.084
194043 1.084
194044 1.084
194045 1.084
194047 1.084
194049 1.084
194051 1.084
194053 1.084
194055 1.084
194058 1.084
194060 1.084
194062 1.084
194064 1.084
194067 1.084
194069 1.084
194071 1.084
194073 1.084
194076 1.084
194078 1.084
194080 1.084
194082 1.084
194085 1.084
194087 1.084
194089 1.084
194091 1.084
194093 1.084
194096 1.084
194098 1.084
194100 1.084
194102 1.084
194105 1.084
194107 1.084
194109 1.084
194114 1.084
194118 1.084
194122 1.084
194127 1.084
194131 1.084
194136 1.084
194140 1.084
194145 1.084
194149 1.084
194154 1.084
194158 1.084
194162 1.084
194167 1.084
194171 1.084
194180 1.084
194189 1.084
194198 1.084
194207 1.084
194216 1.084
194225 1.084
194233 1.084
194251 1.084
194269 1.084
194287 1.084
194304 1.084
194340 1.084
194375 1.084
194446 1.084
194545 1.084
194645 1.084
194745 1.084
194844 1.084
194944 1.084
195043 1.085
195143 1.085
195242 1.086
195342 1.086
195441 1.086
195541 1.086
195640 1.086
195740 1.086
195840 1.086
195841 1.086
195842 1.086
195843 1.086
195844 1.086
195845 1.086
195846 1.086
195847 1.086
195849 1.086
195850 1.086
195851 1.086
195852 1.086
195853 1.086
195855 1.086
195856 1.086
195857 1.086
195858 1.086
195859 1.086
195860 1.086
195861 1.086
195862 1.086
195864 1.086
195865 1.086
195866 1.086
195867 1.086
195868 1.086
195869 1.086
195870 1.086
195871 1.086
195873 1.086
195874 1.086
195875 1.086
195876 1.086
195877 1.086
195878 1.086
195879 1.086
195880 1.086
195882 1.086
195883 1.086
195884 1.086
195885 1.086
195886 1.086
195887 1.086
195888 1.086
195890 1.086
195891 1.086
195892 1.086
195893 1.086
195894 1.086
195895 1.086
195896 1.086
195897 1.086
195899 1.086
195900 1.086
195901 1.086
195903 1.086
195905 1.086
195907 1.086
195910 1.086
195912 1.086
195914 1.086
195916 1.086
195919 1.086
195921 1.086
195923 1.086
195925 1.086
195928 1.086
195930 1.086
195932 1.086
195934 1.086
195937 1.086
195939 1.086
195941 1.086
195943 1.086
195945 1.086
195948 1.086
195950 1.086
195952 1.086
195954 1.086
195957 1.086
195959 1.086
195961 1.086
195963 1.086
195968 1.086
195972 1.086
195977 1.086
195981 1.086
195986 1.086
195990 1.086
195994 1.086
195999 1.086
196003 1.086
196008 1.086
196012 1.086
196017 1.086
196021 1.086
196026 1.086
196034 1.086
196043 1.086
196052 1.086
196061 1.086
196070 1.086
196079 1.086
196088 1.086
196105 1.086
196123 1.086
196141 1.086
196159 1.086
196194 1.086
196229 1.086
196300 1.086
196400 1.086
196499 1.086
196599 1.086
196698 1.086
196798 1.086
196897 1.087
196997 1.087
197097 1.087
197196 1.087
197296 1.087
197395 1.087
197495 1.087
197594 1.087
197694 1.087
197793 1.087
197893 1.087
197992 1.087
198092 1.087
198192 1.087
198291 1.087
198391 1.087
198490 1.087
198590 1.087
198689 1.087
198789 1.088
198888 1.088
198988 1.088
199088 1.089
199187 1.089
199287 1.089
199386 1.089
199486 1.089
199585 1.089
199685 1.089
199784 1.089
199884 1.089
199984 1.089
200083 1.089
200183 1.089
200282 1.089
200382 1.089
200481 1.089
200581 1.089
200680 1.089
200780 1.089
200879 1.089
200979 1.089
201079 1.089
201178 1.089
201278 1.089
201377 1.089
201477 1.089
201576 1.090
201676 1.090
201775 1.090
201875 1.090
201975 1.091
202074 1.091
202174 1.091
202273 1.091
202373 1.091
202472 1.091
202572 1.091
202671 1.091
202771 1.091
202871 1.091
202970 1.091
203070 1.091
203169 1.091
203269 1.091
203368 1.091
203468 1.091
203567 1.091
203667 1.091
203766 1.091
203866 1.091
203966 1.091
204065 1.091
204165 1.091
204264 1.091
204364 1.091
204463 1.091
204563 1.091
204662 1.092
204762 1.092
204862 1.092
204961 1.092
205061 1.092
205160 1.092
205260 1.092
205359 1.092
205459 1.092
205558 1.092
205658 1.092
205758 1.092
205857 1.092
205957 1.092
206056 1.092
206156 1.092
206255 1.092
206355 1.092
206454 1.092
206554 1.092
206654 1.092
206753 1.092
206853 1.092
206952 1.092
207052 1.092
207151 1.092
207251 1.092
207350 1.092
207450 1.092
207549 1.092
207649 1.092
207749 1.092
207848 1.092
207948 1.092
208047 1.092
208147 1.093
208246 1.093
208346 1.093
208445 1.093
208545 1.094
208645 1.094
208744 1.094
208844 1.094
208943 1.094
209043 1.094
209142 1.094
209242 1.094
209341 1.094
209441 1.094
209541 1.094
209640 1.094
209740 1.094
209839 1.094
209939 1.094
210038 1.094
210138 1.094
210237 1.094
210337 1.094
210436 1.094
210536 1.094
210636 1.094
210735 1.094
210835 1.094
210934 1.094
211034 1.094
211133 1.094
211233 1.094
211332 1.094
211432 1.094
211532 1.094
211631 1.094
211731 1.094
211830 1.094
211930 1.094
212029 1.094
212129 1.094
212228 1.094
212328 1.094
212428 1.094
212527 1.094
212627 1.094
212726 1.095
212826 1.095
212925 1.095
213025 1.095
213124 1.095
213224 1.095
213324 1.096
213423 1.096
213523 1.096
213622 1.096
213722 1.096
213821 1.096
213921 1.096
214020 1.096
214120 1.096
214220 1.096
214319 1.096
214419 1.096
214518 1.096
214618 1.096
214717 1.096
214817 1.096
214916 1.096
215016 1.096
215115 1.096
215215 1.096
215315 1.096
215414 1.096
215514 1.096
215613 1.096
215713 1.096
215812 1.096
215912 1.096
216011 1.096
216111 1.096
216211 1.096
216310 1.096
216410 1.096
216509 1.096
216609 1.096
216708 1.096
216808 1.096
216907 1.096
217007 1.096
217107 1.096
217206 1.096
217306 1.096
217405 1.096
217505 1.096
217604 1.096
217704 1.096
217803 1.096
217903 1.096
218002 1.096
218102 1.096
218202 1.096
218301 1.096
218401 1.096
218500 1.096
218600 1.096
218699 1.096
218799 1.096
218898 1.096
218998 1.096
219098 1.096
219197 1.097
219297 1.097
219396 1.097
219496 1.097
219595 1.097
219695 1.097
